28.276463
2.164792
25.804113
11.285777
36.147876
37.120897
31.099233
31.239114
32.663057
34.293226
34.697943
19.659209
19.984441
23.934368
14.66997
9.945635
31.840896
11.44667
9.809108
13.522706
19.93828
22.512128
11.671344
28.083768
17.40225
19.918177
23.905038
12.98799
22.534736
36.395108
17.229541
8.330659
16.54813
24.456485
19.99436
7.713798
20.743684
26.467882
23.836318
20.970848
25.25678
23.212672
20.22153
20.023855
10.031168
19.924055
22.543841
9.677443
20.568499
23.188473
18.058491
19.950893
19.440492
15.899484
19.661695
19.904746
15.933866
18.571375
20.698455
33.587538
9.81412
16.901044
22.980518
17.0954
19.411937
19.940848
10.82823
16.005108
19.967667
19.968472
10.483717
16.502883
22.949566
20.001069
12.031656
19.793258
19.775774
8.981056
19.424557
20.578528
33.043581
9.693386
33.059486
20.002836
15.416728
14.399287
17.752481
20.200566
19.974338
19.709533
19.948353
19.99855
20.214849
15.828216
14.017935
19.867013
20.340656
13.652591
19.499141
20.003602
14.053114
19.648314
19.980959
19.841892
14.180546
13.773202
19.619854
20.247554
18.130521
19.856093
21.254052
9.72782
19.602216
14.357385
9.690076
19.770707
14.31545
9.428618
18.4985
20.519934
9.56684
19.139547
20.710921
9.550076
19.748116
19.812581
9.674126
19.965883
20.529918
9.74533
19.741341
20.028784
11.482755
19.638323
19.951704
9.607917
19.695995
20.003665
9.668248
19.609716
20.020368
9.672434
19.654101
19.912313
19.99184
9.714322
19.74551
19.994401
12.574705
19.674284
19.996042
12.742341
19.708607
19.730514
12.501063
19.712848
20.225694
9.503103
19.71955
19.920752
9.669121
28.721581
32.49547
17.771805
21.029425
19.949123
19.976022
19.611362
9.351414
19.598005
19.714459
19.976013
19.976872
20.976694
20.027882
19.955921
16.717428
14.466294
19.933248
20.007072
11.413206
19.413647
20.009461
11.212822
19.491559
20.095922
10.821507
19.640794
20.229031
11.325121
19.701098
19.727137
12.077833
19.653331
19.98359
19.937454
18.975249
20.136071
17.91175
19.737217
18.936779
8.897203
19.71194
19.925686
9.658244
19.696966
19.951726
9.680809
19.566928
19.974332
9.647296
19.825944
19.975121
9.604618
19.695244
20.009509
9.606272
19.821028
19.969325
9.642299
19.490782
19.974333
9.935623
19.624018
19.977684
9.659867
19.756358
19.815071
9.639795
19.910702
20.633937
9.685043
20.415203
19.942483
20.75046
9.677517
19.66171
19.624767
10.687341
19.417818
19.989473
12.388752
19.575399
19.934034
13.517583
19.681787
19.981942
13.487503
19.960086
19.894644
10.240668
19.43623
19.960037
10.662294
19.690268
19.923221
10.321115
19.649085
19.998626
9.672488
18.828719
20.101712
9.579405
20.369855
19.705256
9.62138
19.997849
19.966759
19.944201
10.064654
19.73624
19.989389
19.939988
19.979343
19.999426
17.871494
12.335148
19.743852
19.974281
10.383934
19.639087
19.988625
9.71523
19.593006
19.946739
20.954019
19.968395
20.187185
19.986143
19.701948
20.002825
19.977752
19.965906
19.962531
19.589723
19.9592
19.88305
14.660005
19.732137
21.885101
15.288479
18.920821
19.919067
9.693427
19.58211
19.949215
19.943328
9.635565
19.687623
22.186054
19.438021
19.93577
9.654844
20.520691
19.940794
10.079809
21.152723
25.007955
9.66741
19.635674
20.191349
12.14655
19.888052
23.377855
9.6188
19.488214
19.908987
19.770711
9.665782
19.615688
20.230789
9.625506
19.660002
20.043033
9.291117
19.631452
16.624464
9.67663
19.776474
16.39478
9.726131
19.720436
19.469821
14.286157
19.688463
19.966777
14.5024
19.703695
19.80335
15.541646
19.705225
19.893839
11.106471
19.541081
19.928223
19.967684
9.673317
18.407107
20.617894
11.983043
19.67928
19.98026
9.65739
16.612735
19.974383
20.228298
9.596998
19.72451
19.731278
9.584481
18.738114
19.978431
19.956753
19.96602
19.973539
19.95254
20.219872
16.275783
13.78073
19.530137
19.961812
11.512953
19.612277
19.964183
16.676364
20.012021
19.992803
11.195311
19.665097
19.520086
13.077651
19.649901
18.960219
11.008398
19.4464
19.995262
19.968399
19.955862
19.955897
20.000337
19.996915
20.001992
19.964327
19.980169
19.97426
19.950863
19.962662
19.940815
9.653999
19.96255
19.950869
20.199712
16.637853
21.753568
20.875224
16.77117
20.651517
20.619616
17.09287
21.289298
20.928121
11.030204
20.607099
20.541634
13.506696
20.940626
25.452977
9.157065
19.643252
24.304715
9.644848
19.696108
24.424618
9.620511
19.684344
20.514068
19.949977
9.674907
21.438478
25.223317
15.606229
19.912293
19.981016
16.623624
20.436859
19.993644
15.105824
19.682703
19.42118
16.403195
19.709395
19.632426
17.385439
19.941671
19.815961
14.190548
19.737135
23.948565
17.527876
19.975111
20.618813
15.271808
19.637423
19.951636
11.584974
24.434637
19.976813
9.503945
18.340049
19.903889
19.965982
19.968382
19.953366
19.702771
19.991013
19.961669
19.949188
19.953426
19.971813
19.967605
20.004536
14.634839
15.445254
19.575331
19.944951
12.946927
21.768692
19.463069
13.480761
21.550849
19.624847
13.086016
21.149258
20.032158
13.13042
21.547394
19.087577
11.782818
20.35823
19.388529
15.990088
20.368219
13.567045
17.832952
19.961737
19.996076
16.806246
21.715048
17.1148
16.372223
19.782408
19.964228
15.555813
19.71534
19.955091
9.436141
19.588813
19.474049
19.959221
17.005809
20.689158
19.965074
9.620536
26.290236
25.566964
9.622991
19.634832
19.943296
10.140148
20.817496
24.811816
9.380838
28.36699
18.655177
20.000246
9.906233
19.603871
19.955129
9.635599
19.639104
19.988505
9.883681
19.652566
20.248399
9.935607
19.681754
18.718006
10.032025
19.601444
20.663256
16.216303
19.666703
20.181292
14.643225
19.686077
20.747066
14.498196
19.671704
19.977672
15.155273
19.686094
20.313751
16.724197
19.683434
19.949175
15.369003
19.932464
19.997798
9.50985
19.676729
20.005316
9.695121
18.332577
19.964227
19.779123
9.627225
18.689506
19.86864
19.885492
9.581924
19.521715
19.991883
10.632954
20.722748
19.28372
10.206338
19.717941
19.94749
20.008728
16.072169
13.890584
19.700207
19.991046
10.749451
19.320615
19.984365
11.250604
19.331579
19.978545
11.075437
19.539393
19.786599
12.369458
19.399409
19.970141
14.923118
19.629831
20.000221
12.583138
19.729615
19.937444
21.006056
19.731315
19.996925
19.947513
23.457526
17.536249
19.061626
10.361412
19.839454
19.229208
20.114354
10.1393
13.061741
21.339621
19.900586
19.665874
19.996907
9.91555
23.383724
25.335656
20.747901
28.749967
17.83131
19.789029
10.409941
19.773108
15.340489
9.397589
21.339656
25.784871
10.129208
19.679233
25.333077
23.666115
19.440508
19.917354
24.844516
16.805479
13.187423
24.334852
16.037747
19.595468
20.34987
17.538001
20.199785
20.034577
19.309674
19.793253
21.536489
17.589108
19.966844
19.586296
17.868196
19.922324
19.92741
17.275692
19.937456
25.74624
19.590418
19.976798
23.458346
17.842218
20.37408
24.461497
18.309937
20.155382
23.092046
19.686058
20.020428
23.821991
16.542338
27.827306
16.751031
16.906923
9.561016
19.727955
14.007042
14.055643
20.36985
19.241828
16.070466
20.079995
20.736987
10.848297
19.028048
19.956684
10.544119
19.653393
19.983565
11.43159
19.737961
19.991862
19.776517
19.739639
19.732031
19.753096
18.826114
19.954176
19.959261
19.953395
12.507758
12.672015
19.654178
20.953116
10.185348
20.018807
19.652451
19.940061
16.047847
20.86853
20.695899
17.007475
21.546619
21.530585
10.734281
21.983216
25.567774
9.64734
19.865403
19.889598
9.36818
19.664216
19.983531
9.399281
19.858691
19.827732
20.218218
9.668254
19.633146
19.979324
9.600422
20.362406
19.660038
9.712687
19.489828
20.092483
14.583698
19.705375
19.212485
14.273598
19.692668
19.990224
13.971893
19.680231
20.001121
14.980883
18.283867
19.546101
16.120825
19.481515
19.929826
16.330235
19.691861
19.904831
16.38479
19.969309
20.738717
19.878696
12.014043
19.719535
19.982754
9.578621
18.397027
19.530177
19.972654
10.829014
19.752167
20.012857
11.816327
19.88305
19.986052
11.821328
19.741283
19.754701
12.298244
19.858728
19.964294
14.509165
19.256899
21.399071
22.522148
19.970887
24.897337
19.147142
20.011198
20.997566
17.692962
19.954183
20.043962
18.524469
20.187222
19.955814
17.769229
19.951668
19.988648
17.941992
19.976021
19.985147
17.464999
19.946662
21.546635
17.901783
23.024999
19.94911
15.77792
19.576201
19.962669
9.520783
19.572061
19.797539
19.981051
9.970795
19.355743
19.961749
19.936539
9.590278
25.562708
20.651572
11.214573
21.802253
19.067431
13.77822
21.160235
25.207422
9.697585
19.662499
24.23519
9.642304
19.646715
25.214108
10.221401
19.651635
21.119981
10.188738
20.114326
25.171309
24.194952
20.192288
20.578616
15.915426
19.709448
19.938269
17.155812
20.720981
19.114491
16.115759
19.716179
19.906356
16.231338
19.970952
20.63981
18.487616
19.715385
20.618836
13.824406
19.435428
25.650712
19.517527
19.972597
20.426144
17.809547
19.970982
19.848511
17.648579
19.970103
20.615416
18.4624
19.997787
19.971806
9.710126
15.122567
19.977698
20.964171
19.984412
11.393114
19.730403
19.965068
12.10297
19.728828
20.182997
12.459968
20.214787
20.013688
12.335108
19.501693
20.021291
16.210421
22.566503
19.410249
13.723003
21.454423
19.967633
12.939346
22.448326
19.341501
12.537027
21.785448
18.661026
12.962819
21.857543
17.910942
14.522525
20.941426
19.570348
17.473438
22.129142
17.362808
15.912088
19.692731
19.979267
15.549979
19.670896
20.213245
9.664931
19.497461
19.948405
19.968481
9.606216
19.53011
19.948278
19.692746
10.19042
19.660016
25.888734
10.348003
20.618872
25.520885
9.649819
19.664143
22.927815
8.674293
19.897223
20.043798
9.63556
19.447181
19.916499
9.902913
19.677601
20.109215
20.037137
9.684258
19.941642
19.701063
9.466222
19.584656
20.344767
13.565406
19.671686
19.933259
13.835279
19.670166
19.880472
14.695154
38.222176
10.95647
19.651684
20.217287
9.591959
19.684324
19.721269
9.612152
19.692708
19.944975
9.625515
19.764716
19.903928
9.383339
19.759002
19.611442
9.606232
19.842688
19.735431
9.706869
19.665967
19.780749
9.901247
19.72958
19.963407
9.669126
19.81348
19.89054
9.653166
19.708594
19.006298
9.650706
19.963488
20.174643
9.602036
19.457179
