88.483587
83.480132
57.674331
77.490253
53.71014
44.434124
41.481544
52.681822
44.074608
42.824955
45.278969
44.253132
54.952222
56.570604
55.676373
61.541309
47.332244
41.448855
45.511897
45.573904
53.245874
57.838651
42.341459
44.549827
46.307245
42.759569
44.829747
42.747843
39.167515
40.363535
40.174054
39.38797
44.468503
32.380597
33.098858
31.600303
40.440513
37.993411
22.492832
33.265687
37.763713
31.03638
33.104818
37.979117
30.540176
32.97484
36.996855
22.79035
39.86487
31.481357
34.558028
31.632183
29.23861
30.132848
28.465908
36.307936
19.991917
29.791762
27.278246
35.785805
31.017849
26.78799
21.357117
22.048568
22.324407
32.111635
25.984323
38.797127
22.967917
29.986191
24.023206
21.09311
27.552361
31.977557
24.19749
26.159451
28.44576
30.378507
25.266051
25.671743
27.587529
30.72451
23.562156
25.173024
19.96934
28.225401
22.850661
19.576176
20.668216
19.772326
28.401399
24.867093
21.660518
21.971467
24.119578
29.941766
21.203816
22.017634
24.080167
26.239103
29.909941
25.052342
19.872865
26.279401
21.431663
23.490977
25.820156
19.662472
21.063057
26.455342
20.652358
21.228889
26.343821
19.913971
21.245764
26.315359
20.19724
20.944866
19.986131
26.078158
25.171298
22.434154
24.601443
25.294614
26.361431
25.518303
21.022794
20.487271
19.944155
25.506579
18.720436
20.597132
25.475548
24.014692
20.115175
24.882124
23.907478
25.10941
19.442888
25.516608
19.993587
24.357581
22.401517
25.499875
21.683152
23.591552
25.332276
24.981169
23.649352
25.291149
25.2728
24.447278
24.932499
25.371641
24.903085
20.369959
25.104351
25.818364
25.769734
25.295296
25.146236
22.531335
26.387422
18.303926
22.414001
19.520964
18.466669
21.733466
24.142957
24.614033
22.207877
20.143657
23.807765
20.103325
25.301247
25.131972
20.412653
27.281645
23.982041
20.476319
27.408262
24.736407
25.493193
25.565246
25.617967
24.764071
25.146187
19.37852
25.921455
20.508127
22.050316
19.997818
24.569631
25.353257
25.876145
27.410739
26.79979
20.621341
22.678783
25.51997
21.394876
22.388879
24.348397
20.678335
24.776562
26.171152
25.107661
22.538896
25.141184
25.411081
20.134355
22.358658
19.929892
21.039573
24.883857
26.188024
19.877079
26.879345
27.794541
19.140485
29.102051
21.239823
25.439603
25.394296
24.387738
28.196853
20.189667
24.256148
25.427846
25.480629
24.519371
25.172108
20.918914
25.72037
26.270847
18.168237
24.155574
27.562444
19.857007
23.616711
24.133754
25.459643
24.319828
20.454504
20.465486
26.436891
26.387487
25.392556
19.79238
19.625751
25.680939
25.392651
25.308728
24.993671
23.253851
25.281177
21.734258
23.279733
25.370788
24.793434
19.04485
24.683537
19.928192
26.033731
19.997003
25.81928
24.44721
27.140823
25.691002
25.586243
22.179348
25.204036
25.667433
22.687269
26.098352
26.524044
22.602581
19.810866
25.815786
20.513225
25.285387
24.168142
22.442517
19.924088
23.686999
20.08334
24.716279
24.327299
20.789796
24.887279
25.1521
22.798749
24.437945
25.392569
25.560298
24.788283
26.773756
24.52096
19.369256
26.482969
20.504004
26.948905
26.350506
26.038759
27.241516
26.694178
21.609408
25.12613
19.917275
23.295643
22.754365
18.281263
24.143048
25.431144
19.711149
25.387633
20.895382
22.088773
24.568726
25.248511
19.574476
26.218098
20.549256
20.516577
26.234134
25.235874
20.277646
26.263421
20.46879
20.539216
26.309526
20.084122
20.752869
19.711077
24.879714
27.342827
20.970913
20.705058
24.209241
24.122916
25.582024
26.044649
24.086771
25.459684
21.819834
22.977216
23.739815
24.716254
24.136278
19.992813
25.778219
24.04911
25.633949
25.306296
23.936896
25.415222
20.020379
23.742412
19.97855
25.065772
19.081764
25.47968
17.6612
23.770833
24.93844
24.781639
23.836224
25.17134
22.604269
25.622291
20.447015
25.174668
23.736448
20.1009
24.955136
26.246642
22.409826
25.48228
18.88726
22.343581
19.630772
26.388258
20.408474
25.530855
25.611336
22.168432
19.643305
26.388257
20.404272
25.16212
24.348283
24.815137
25.302947
25.925624
24.37021
25.137824
26.319444
24.799333
24.824324
21.316037
20.310448
20.5693
25.887888
20.724465
24.150626
26.055518
20.637252
27.199531
26.012869
20.595319
17.819538
26.807309
20.184718
22.353699
26.456195
25.654059
22.625205
24.816769
25.255233
19.48907
26.542486
25.840968
22.368736
25.744555
25.660843
20.091692
25.962562
20.447776
20.586107
26.213079
22.635319
25.190703
26.726
20.591969
20.808277
26.10168
20.277713
20.665703
26.339601
20.264276
20.44958
19.821013
20.609601
24.411993
24.294642
25.131106
19.731326
24.846209
19.981026
24.94251
18.790884
19.789915
24.806804
24.787561
19.857738
24.695332
23.616718
19.957594
24.912324
24.213354
25.136158
17.841392
25.938253
25.112627
20.006208
26.119336
20.349675
24.362701
16.957197
25.286143
25.112698
24.763232
24.926687
25.265996
24.64833
20.312912
25.364952
26.09498
27.274136
25.139487
25.56519
22.012604
25.481517
25.210746
22.444146
20.022163
25.716871
25.643214
19.701133
26.016174
25.242533
17.221188
19.593028
24.374352
19.670885
25.737841
20.568515
25.068299
24.448936
20.690918
25.073239
25.310423
25.478146
25.175584
25.406036
20.315376
25.069937
25.203255
21.088146
24.67519
25.507388
25.328902
26.733542
29.899075
19.007161
19.995335
18.295606
28.945333
19.153066
19.793276
17.766728
24.071706
25.80329
18.475831
25.504893
24.869596
22.382228
24.859617
25.329681
20.340549
26.584347
20.193105
20.614672
18.998755
24.84697
20.502374
26.616236
20.376632
20.679946
26.477057
20.277707
20.648194
29.504313
18.338315
25.247593
25.069097
22.988973
21.920439
24.256908
26.146033
25.556905
28.448341
24.491696
20.124284
19.66591
25.825875
20.659081
18.107062
21.349629
19.722031
26.272526
24.213443
25.448777
19.518405
20.479677
13.251137
19.706975
20.044691
13.458944
19.689278
19.98354
19.953412
20.290296
19.09098
19.984297
27.983133
25.282808
23.167486
28.087867
25.421894
26.538296
25.639022
26.005133
25.234268
25.272794
20.04725
26.45611
18.879745
27.212928
21.119239
19.903911
27.222128
20.390015
27.634564
27.24653
20.2525
22.7719
27.499609
28.268134
19.303101
22.704818
25.745373
25.672567
27.921921
23.523689
27.565827
26.265072
23.059306
26.546638
26.57435
21.224774
27.275881
29.368463
28.009893
20.558492
26.97405
21.663983
21.795439
24.980228
21.018581
25.037308
28.002493
21.340347
21.395697
20.533323
25.065785
25.230898
29.905818
18.772543
20.038039
24.52261
23.051768
19.909856
24.561087
18.545441
20.303677
24.886381
24.220049
19.776576
24.570506
23.794364
25.504896
19.297963
26.836574
20.464695
24.962681
23.528688
25.406002
20.057231
27.011835
25.439558
24.751448
22.788611
25.123568
25.288692
30.152995
29.322434
18.970286
19.179715
24.35929
24.294717
25.684297
25.858564
25.632238
22.218788
25.605534
25.736245
22.256428
26.000194
25.110967
22.482815
19.807546
26.20729
20.653126
25.334782
24.340773
22.719953
19.871249
26.727711
20.237455
25.123497
25.36331
19.950045
24.873823
29.962729
29.352696
17.132411
21.917863
20.029606
18.670162
20.375771
24.989432
20.267632
23.258836
24.838655
19.76563
25.974203
19.898067
17.548054
26.629634
20.6071
22.250545
23.966116
25.147976
20.108295
21.488808
24.365142
25.038049
25.508204
25.262696
19.848639
27.221378
20.441979
26.827457
19.74384
20.790625
28.846397
19.254369
25.275221
20.008747
24.32395
25.690998
24.916636
19.737977
24.479022
20.165384
26.689971
20.970864
20.876156
19.999429
19.939106
25.093435
23.554705
20.389172
24.780797
20.642206
24.784122
19.898954
26.897004
20.575264
25.30875
29.13045
29.841301
20.995155
20.69166
25.119392
22.727533
25.76556
20.229895
21.378067
20.802413
25.525901
23.861424
25.061511
25.332235
23.967039
25.350714
25.429457
24.698615
20.080761
25.209958
24.838635
20.029592
25.245053
24.901472
22.569939
22.735792
26.951429
20.563475
19.593072
29.746642
29.46406
19.060648
20.010406
24.820165
23.560616
22.519624
20.419316
26.301047
20.651515
22.968861
25.714484
20.454555
25.309613
25.92642
24.981074
25.082537
20.628092
24.177396
20.590269
24.950881
19.936667
19.297138
27.330974
20.308856
26.700012
25.830869
20.419345
19.999392
20.57442
20.043134
20.041343
24.069186
24.010586
19.736351
25.386798
19.663416
20.31885
19.75309
17.563106
27.393093
26.866817
26.990039
25.90727
20.367326
26.162775
25.79907
21.073097
26.548374
20.245858
20.495591
20.488954
25.05562
19.777334
22.486106
24.816026
19.342474
20.739507
29.365939
19.010532
24.89471
24.817644
24.32822
25.561123
20.697528
23.918357
20.462157
28.051859
26.236501
21.690729
20.614552
18.902458
25.834308
15.80649
24.420405
22.413935
25.154623
20.098361
27.364697
25.472151
25.233337
25.156254
24.987861
19.982741
25.084221
20.033818
20.362282
20.405863
20.367383
20.370829
20.415117
24.473153
22.547256
19.877996
26.098339
20.264283
20.098321
26.769534
24.850384
20.141976
26.49804
24.706167
21.777123
24.558707
24.632495
17.704718
24.483215
24.657607
25.453813
29.883958
29.417929
29.561248
29.438953
16.476143
22.326883
20.006116
25.954116
24.453914
20.053151
26.097498
24.939197
20.058904
18.966868
25.174723
24.47159
26.401694
20.405889
27.112326
27.370475
20.247628
17.598325
27.190343
21.245678
22.519601
25.43869
20.988449
24.966877
29.898251
29.42973
28.771753
29.666028
16.25737
27.260651
21.001873
25.821701
26.208129
20.847589
26.740237
25.858574
20.806571
26.754505
25.616372
20.923907
26.573494
20.520785
25.886222
20.942253
25.423631
27.66894
22.890053
25.168827
24.724566
24.962701
25.61471
20.495622
20.339636
19.987771
29.364301
29.325812
19.325612
19.735438
24.882133
23.658624
19.446342
25.181445
24.41207
25.342278
25.033004
24.812698
25.570281
19.789903
26.572582
19.898045
24.288868
23.418107
25.056451
25.415238
24.869583
24.907402
21.39242
24.552035
24.938293
24.422107
20.059898
19.98528
20.024625
20.36395
20.384065
20.378317
20.078298
20.364069
25.603794
23.430593
19.803437
27.251543
25.068194
20.028805
25.721116
24.857956
24.961838
27.331985
21.040328
20.349788
27.86747
20.96923
25.404333
26.098214
20.81745
20.456988
22.316772
29.433019
29.431383
29.461595
16.646314
22.961284
20.063931
26.549114
20.026325
19.85283
26.837497
