117.523
74.278
71.124
58.904
97.906
45.629
60.611
39.12
53.089
35.251
40.062
44.846
32.062
32.715
41.212
28.404
30.713
38.479
25.728
28.643
35.405
24.98
24.967
24.985
23.586
23.461
23.367
24.432
22.119
22.02
22.067
21.332
20.863
20.893
20.888
20.293
19.827
19.727
19.735
19.435
18.864
18.851
18.844
18.772
18.06
18.011
17.932
18.033
17.843
17.187
17.213
17.214
17.103
16.983
16.497
16.498
16.452
16.453
17.83
15.916
15.879
15.839
15.868
15.889
15.828
15.853
15.877
15.881
15.856
15.885
15.846
15.856
15.821
15.296
15.716
15.77
15.871
15.888
15.876
15.808
15.866
15.8
15.852
15.76
15.768
15.761
15.857
15.852
15.777
15.763
15.822
15.825
15.782
15.775
15.792
15.02
16.805
15.007
15.663
15.712
15.661
15.656
15.562
15.492
15.521
15.493
15.419
15.463
15.419
15.435
15.364
14.737
15.434
15.469
15.436
15.343
15.504
15.484
15.426
15.479
15.491
15.447
15.455
15.466
15.465
15.466
14.771
15.406
15.494
15.492
15.459
15.494
15.496
15.486
16.816
15.418
15.465
15.487
15.491
15.499
15.44
15.426
14.771
15.386
15.483
15.452
15.446
15.467
15.334
15.421
15.481
15.492
15.466
15.468
15.414
15.483
14.854
15.49
15.491
15.426
15.441
15.495
15.468
15.56
15.489
15.48
15.506
15.485
15.426
15.475
15.461
14.699
15.717
16.913
15.813
15.777
15.807
15.814
15.805
15.786
15.679
15.757
15.865
15.871
15.817
15.849
15.908
15.91
15.916
15.919
15.916
15.927
15.926
15.908
15.097
15.934
15.94
15.952
15.952
15.944
15.964
15.911
15.894
15.825
15.883
15.88
15.883
15.945
15.919
15.937
17.284
15.821
15.878
15.962
15.966
15.931
15.911
15.913
15.952
15.929
15.9
15.213
15.913
15.937
15.918
15.943
15.913
15.941
15.932
15.92
15.948
15.856
15.878
15.874
15.91
15.889
15.883
15.863
15.887
15.82
15.871
15.782
15.743
15.881
15.858
15.218
15.881
15.854
16.955
15.838
15.828
15.804
15.794
15.752
15.751
15.694
15.616
15.528
15.505
15.464
15.427
15.47
15.484
15.515
15.481
14.732
15.424
15.396
15.382
15.478
15.418
15.45
15.448
15.425
15.352
15.433
15.435
15.473
15.442
14.725
15.366
15.396
15.414
15.373
15.442
15.414
16.804
15.489
15.466
15.498
15.469
15.504
15.449
15.466
15.43
14.779
15.424
15.415
15.447
15.468
15.417
15.482
15.418
15.485
15.451
15.456
15.491
15.332
15.427
14.749
15.354
15.39
15.408
15.415
15.381
15.385
15.377
15.515
15.417
15.466
15.413
15.467
15.344
14.757
15.416
16.847
15.397
15.505
15.455
15.449
15.448
15.389
15.468
15.436
15.33
15.375
15.48
15.5
14.832
15.315
15.376
15.482
15.42
15.469
15.453
15.416
15.464
15.451
15.445
15.44
15.474
15.408
15.521
14.748
15.461
15.42
15.488
15.437
15.444
15.441
15.446
15.444
15.435
16.782
15.471
15.469
15.433
15.395
14.654
15.516
15.349
15.349
15.408
15.468
15.434
15.458
15.461
15.464
15.499
15.403
15.469
15.449
14.763
15.415
15.495
15.468
15.468
15.498
15.452
15.498
15.517
15.467
15.46
15.491
15.422
15.459
15.385
14.704
15.443
15.467
15.439
15.446
16.778
15.363
15.409
15.366
15.468
15.464
15.465
15.415
15.444
15.417
14.705
15.436
15.469
15.418
15.442
15.443
15.444
15.444
15.451
15.446
15.464
15.436
15.417
15.444
15.402
14.811
15.38
15.424
15.445
15.464
15.424
15.377
15.378
15.484
15.43
15.451
15.455
15.464
15.496
14.702
16.583
14.78
14.768
15.486
15.514
15.498
15.555
15.589
15.783
15.8
15.816
15.778
15.819
15.86
15.826
15.759
15.227
15.806
15.863
15.779
15.789
15.85
15.837
15.85
15.844
15.801
15.735
15.868
15.817
15.884
15.867
15.906
15.864
15.873
15.912
15.877
15.935
16.95
15.901
15.899
15.921
15.155
15.919
15.924
15.91
15.94
15.913
15.933
15.912
15.852
15.881
15.9
15.895
15.849
15.884
15.88
15.845
15.79
15.927
15.896
15.432
15.799
15.87
15.955
15.151
15.815
15.926
15.904
15.931
15.908
15.833
15.932
15.934
15.935
15.957
17
15.952
15.932
15.871
15.933
15.871
15.857
15.947
15.904
15.917
15.905
15.843
15.919
15.792
15.837
15.195
15.884
15.919
15.849
15.901
15.903
15.9
15.899
15.906
15.901
15.948
15.92
15.852
15.953
15.938
15.913
15.933
15.876
15.834
15.914
15.939
15.779
17.234
15.882
15.909
15.876
15.106
15.886
15.935
15.849
15.775
15.882
15.847
15.832
15.76
15.889
15.853
15.886
15.881
15.878
15.845
15.867
15.833
15.86
15.88
15.818
15.877
15.778
15.807
15.07
15.816
15.812
15.766
15.759
15.576
15.523
15.475
15.455
15.454
15.511
16.611
15.354
15.502
15.511
15.474
15.479
14.789
15.334
15.462
15.498
15.509
15.502
15.495
15.499
15.501
15.465
15.467
15.502
15.463
15.499
15.487
14.676
15.546
15.497
15.402
15.496
15.483
15.466
15.497
15.522
15.494
15.468
15.426
15.348
15.469
15.499
14.769
15.453
15.495
16.526
15.503
15.427
15.438
15.47
15.458
15.522
15.46
15.497
15.462
15.479
15.467
15.512
14.781
15.49
15.491
15.48
15.443
15.347
15.41
15.521
15.482
15.395
15.451
15.416
15.453
15.475
14.647
15.347
15.399
15.392
15.431
15.502
15.461
15.492
15.489
15.471
15.46
15.493
15.462
15.379
14.765
15.445
15.406
15.452
15.502
15.482
15.416
15.47
15.426
15.393
15.498
15.431
15.484
15.465
15.484
14.749
15.365
15.42
15.359
15.45
15.447
15.448
15.45
15.435
15.33
15.375
15.476
15.399
15.462
14.75
15.371
15.46
15.493
15.341
15.377
15.49
15.493
15.492
15.467
15.481
15.472
15.404
15.491
14.858
15.372
15.452
15.467
15.451
15.451
15.418
15.362
15.455
15.476
15.537
15.569
15.571
15.575
15.55
14.779
15.514
15.385
15.435
15.497
15.486
15.49
15.492
15.462
15.466
15.527
15.461
15.523
15.451
15.413
14.721
15.363
15.468
15.468
15.403
15.441
15.423
15.355
15.494
15.429
15.353
15.434
15.486
15.452
14.672
15.466
15.456
15.485
15.413
15.49
15.463
15.455
15.462
15.558
15.525
15.461
15.489
15.488
15.476
14.784
15.397
15.493
15.444
15.387
15.436
15.448
15.437
15.472
15.448
15.444
15.445
15.396
15.318
14.694
15.329
15.494
15.445
15.462
15.403
15.418
15.485
15.385
15.459
15.46
15.412
15.459
15.441
14.827
15.481
15.496
15.466
15.461
15.454
15.462
15.442
15.408
15.415
15.473
15.419
15.415
15.443
15.429
14.733
15.343
15.36
15.419
15.46
15.411
15.362
15.485
15.464
15.463
15.459
15.489
15.442
15.479
14.722
15.437
15.52
15.458
15.481
15.492
15.487
15.485
15.46
15.486
15.491
15.416
15.397
15.438
15.482
14.782
15.427
15.5
15.409
15.468
15.536
15.469
15.468
15.463
15.459
15.463
15.487
15.459
15.466
15.453
14.746
15.439
15.453
15.492
15.487
15.457
15.488
15.495
15.456
15.487
15.477
15.419
15.473
15.404
14.675
15.493
15.444
15.475
15.416
15.444
15.441
15.443
15.412
15.335
15.461
15.415
15.488
15.424
14.786
15.373
15.481
15.418
15.397
15.444
15.431
15.365
15.418
15.451
15.464
15.403
15.442
15.461
15.468
14.744
15.475
15.551
15.415
15.493
15.414
15.437
15.46
15.447
15.448
15.441
15.388
15.354
15.484
14.691
15.345
15.386
15.423
15.448
15.45
15.495
15.411
15.447
15.48
15.444
15.441
15.426
15.445
14.67
15.468
15.51
15.482
15.414
15.475
15.459
15.385
15.461
15.42
15.419
15.468
15.428
15.418
15.482
14.776
15.339
15.368
15.495
15.467
15.488
15.463
15.49
15.455
15.466
15.495
15.435
15.548
15.626
15.086
15.715
15.725
15.711
15.783
15.773
15.804
15.769
15.798
15.818
15.781
15.028
16.234
15.766
15.733
15.824
15.831
15.761
15.775
15.663
14.976
15.794
15.814
15.834
15.79
15.789
15.776
15.761
15.762
15.759
15.759
15.741
15.733
15.677
15.384
15.528
15.425
15.426
14.683
