5.393
24.312
4.814
4.705
40.115
4.356
4.344
29.779
4.922
8.088
4.224
4.69
34.365
4.243
4.279
4.173
9.671
4.187
11.237
4.175
4.504
9.05
4.243
10.895
4.152
4.338
28.703
8.321
4.098
4.091
4.504
8.755
4.199
10.974
4.239
4.475
8.669
4.194
4.744
34.287
4.368
4.236
4.311
9.464
4.253
11.437
4.068
4.522
9.105
4.223
4.808
30.812
4.251
4.204
4.132
4.561
8.51
4.213
10.819
4.301
4.64
8.523
4.25
4.77
30.952
4.346
4.201
4.27
4.466
8.374
4.265
11.098
4.3
4.662
8.488
4.212
4.822
30.954
4.352
4.199
4.277
4.369
8.291
4.28
11.004
4.225
8.091
4.219
4.092
4.473
31.141
4.313
4.267
4.191
4.109
4.04
4.172
4.179
4.378
29.783
5.252
4.12
4.234
4.166
5.932
4.201
4.164
7.039
4.217
4.064
4.456
5.067
4.036
4.133
6.443
4.14
4.484
4.147
4.816
3.89
3.865
4.14
5.011
4.058
3.887
6.44
3.985
3.913
3.869
5.005
3.955
3.872
4.134
4.971
3.891
3.869
4.21
5.051
4.071
3.991
7.284
4.237
4.206
7.068
4.228
4.144
4.081
5.195
4.172
4.136
6.825
4.159
4.067
4.252
5.196
4.246
4.092
6.346
4.17
4.221
4.306
5.213
4.26
4.142
6.246
4.275
4.132
4.488
5.218
4.243
4.136
5.99
4.156
4.157
4.318
5.081
4.171
4.083
6.542
4.152
4.066
4.303
5.12
4.197
4.065
6.42
4.226
4.169
4.08
5.188
4.067
4.095
6.671
3.912
3.874
3.858
5.334
4.166
4.145
4.191
5.079
4.154
4.082
5.965
3.97
4.073
3.995
5.136
4.067
4.01
4.477
5.053
4.023
3.978
6.169
4.187
4.155
4.004
5.096
4.031
4.026
7.01
4.138
4.082
4.365
4.961
3.94
3.94
4.111
4.86
3.9
3.904
7.58
4.313
4.158
7.774
4.342
4.267
7.784
4.332
4.262
7.758
4.362
4.236
7.878
4.282
4.349
4.508
5.512
4.18
4.415
6.369
4.152
4.422
7.117
4.715
4.282
7.024
4.332
4.357
7.565
4.522
4.423
7.749
4.414
4.256
7.241
4.303
4.36
7.383
4.361
4.36
7.699
4.392
4.296
7.695
4.292
4.218
7.535
4.337
4.237
7.773
4.306
4.135
7.846
4.223
4.14
7.711
4.205
4.247
4.22
5.53
4.231
4.122
6.752
4.185
4.049
7.642
4.237
4.18
7.618
4.272
4.265
7.888
4.221
4.208
4.257
5.604
4.254
4.241
6.864
4.264
4.153
6.802
4.288
4.15
7.742
4.308
4.191
4.608
5.52
4.174
4.066
6.728
4.291
4.223
7.002
4.306
4.289
7.687
4.343
4.216
7.78
4.404
4.346
7.563
4.375
4.245
7.499
4.353
4.403
7.545
4.43
4.377
7.808
4.344
4.424
7.358
4.416
4.439
7.676
4.369
4.223
7.491
4.303
4.263
7.564
4.344
4.273
7.834
4.384
4.213
7.689
4.236
4.32
7.67
4.362
4.312
7.779
4.304
4.296
7.537
4.269
4.109
7.876
4.229
4.1
4.252
5.566
4.219
4.079
6.986
4.281
4.206
6.887
4.152
4.164
7.765
4.24
4.162
4.633
5.658
4.347
4.261
6.486
4.226
4.179
6.86
4.214
4.118
7.734
4.352
4.265
7.72
4.247
4.31
7.859
4.266
4.164
7.707
4.182
4.287
8.581
4.367
4.385
7.179
4.176
4.188
7.757
4.401
4.287
7.553
4.277
4.335
7.638
4.431
4.414
7.56
4.361
4.277
7.516
4.273
4.35
7.767
4.357
4.382
7.631
4.39
4.273
7.869
4.315
4.387
7.357
4.372
4.279
7.682
4.425
4.368
7.463
4.394
4.317
7.514
4.322
4.193
7.918
4.334
4.299
7.527
4.336
4.181
7.557
4.321
4.134
7.895
4.188
4.103
7.804
4.322
4.25
7.948
4.268
4.248
7.867
4.238
4.249
7.584
4.184
4.27
7.83
4.365
4.282
7.833
4.269
4.271
7.58
4.269
4.116
7.81
4.253
4.188
8.024
4.18
4.221
7.671
4.311
4.242
7.72
4.294
4.217
8.006
4.193
4.225
7.546
4.06
4.238
4.559
5.607
4.295
4.404
7.017
4.349
4.446
7.06
4.377
4.387
7.005
4.387
4.325
7.157
4.349
4.276
7.548
4.348
4.266
7.917
4.38
4.407
7.477
4.422
4.27
7.615
4.267
4.322
7.924
4.284
4.39
7.346
4.37
4.342
7.6
4.338
4.239
7.78
4.323
4.283
7.694
4.306
4.261
7.652
4.277
4.165
7.643
4.264
4.255
4.26
5.531
4.254
4.167
6.936
4.234
4.166
6.991
4.178
4.071
4.419
5.657
4.212
4.165
6.768
4.176
4.084
6.964
4.183
4.065
4.39
5.606
4.245
4.223
6.997
4.253
4.253
6.919
4.277
4.351
7.496
4.294
4.333
7.627
4.295
4.342
7.91
4.387
4.297
7.147
4.33
4.301
8.665
4.427
4.383
7.024
4.357
4.36
7.315
4.4
4.337
7.558
4.378
4.249
7.614
4.291
4.341
7.579
4.354
4.362
7.69
4.371
4.289
7.644
4.343
4.362
7.591
4.35
4.348
7.562
4.345
4.23
7.732
4.25
4.342
4.492
5.514
4.389
4.268
6.185
4.2
4.226
7.007
4.383
4.336
7.573
4.375
4.272
7.596
4.308
4.12
7.942
4.184
4.249
7.716
4.275
4.232
7.797
4.215
4.122
8.028
4.21
4.271
7.549
4.249
4.253
7.831
4.257
4.305
7.521
4.21
4.146
7.856
4.255
4.244
7.791
4.271
4.169
7.868
4.313
4.308
7.764
4.291
4.159
7.857
4.217
4.259
7.651
4.306
4.251
7.715
4.296
4.171
7.82
4.231
4.252
4.39
5.693
4.354
4.487
6.753
4.275
4.28
6.925
4.39
4.451
7.34
4.358
4.319
7.142
4.377
4.252
7.833
4.295
4.429
7.337
4.444
4.279
7.595
4.339
4.256
7.671
4.238
4.272
7.81
4.351
4.318
7.852
4.296
4.339
7.803
4.266
4.304
7.309
4.272
4.312
7.86
4.275
4.191
7.485
4.305
4.22
7.714
4.234
4.134
7.818
4.217
4.083
4.203
5.596
4.266
4.093
6.8
4.175
4.093
7.404
4.253
4.043
4.334
5.528
4.243
4.205
7.014
4.289
4.267
7.535
4.298
4.292
6.898
4.274
4.243
7.746
4.233
4.195
7.79
4.277
4.152
4.377
5.665
4.259
4.234
6.763
4.279
4.328
6.993
4.385
4.314
7.439
4.219
4.158
8.387
4.358
4.443
7.032
4.384
4.373
7.557
4.381
4.331
7.597
4.391
4.403
7.468
4.384
4.42
7.585
4.386
4.288
7.589
4.246
4.455
7.513
4.248
4.333
7.668
4.337
4.278
7.829
4.379
4.235
7.639
4.215
4.332
7.585
4.339
4.311
4.485
5.635
4.318
4.26
6.338
4.112
4.094
7.147
4.153
4.028
7.89
4.321
4.102
7.884
4.305
4.169
7.873
4.167
4.082
8.065
4.175
4.255
7.705
4.264
4.231
7.957
4.306
4.169
7.842
4.215
4.285
7.61
4.293
4.281
7.677
4.269
4.149
7.895
4.229
4.335
7.928
4.375
4.289
7.392
4.286
4.313
7.64
4.367
4.351
7.694
4.392
4.332
7.597
5.247
4.318
7.074
4.279
4.374
7.83
4.421
4.349
7.193
4.401
4.291
7.508
4.283
4.385
7.614
4.296
4.403
7.514
4.321
4.319
7.487
4.388
4.275
7.502
4.367
4.399
7.597
4.335
4.327
7.783
4.343
4.343
7.646
4.339
4.22
7.725
4.213
4.248
7.712
4.261
4.281
4.261
5.242
4.043
4.016
6.903
4.204
4.129
8.018
4.246
4.22
7.345
4.222
4.197
4.215
5.609
4.217
4.214
6.819
4.223
4.289
7.108
4.232
4.17
7.807
4.16
4.239
7.898
4.272
4.242
4.404
5.636
4.304
4.269
6.329
4.177
4.357
6.883
4.297
4.321
7.59
4.299
4.178
7.73
4.25
4.33
7.711
4.345
4.389
7.96
4.416
4.313
7.314
4.313
4.312
7.867
4.32
4.37
7.836
4.423
4.376
7.21
4.413
4.283
7.477
4.302
4.392
7.561
4.36
4.319
7.692
4.38
4.2
7.782
4.296
4.331
7.527
4.379
4.28
7.618
4.425
4.425
7.591
4.387
4.336
7.571
4.375
