57.653
27.421
57.962
8.182
18.659
16.538
43.106
28.474
6.938
12.448
7.012
33.017
6.083
5.94
10.533
6.172
11.094
6.144
10.829
6.048
23.425
6.1
10.03
5.946
6.114
9.737
6.259
10.265
6.424
10.146
6.253
8.946
5.895
20.103
6.013
5.865
9.014
5.927
9.222
5.936
6.419
6.589
5.886
8.023
5.928
6.009
19.156
5.997
5.776
8.513
5.907
8.509
5.849
6.085
7.363
5.859
8.003
5.856
9.013
5.884
5.81
18.832
5.957
5.775
8.562
5.953
9.157
5.952
6.001
8.066
5.921
8.523
5.897
8.858
5.987
6.102
19.741
5.987
5.679
7.783
5.892
8.923
6.004
6.1
6.024
5.795
6.704
5.953
5.725
18.737
19.02
6.371
6.166
6.212
5.89
5.955
5.948
5.738
6.797
6.07
5.878
6.061
5.757
5.733
6.055
5.746
7.237
5.849
5.632
6.17
5.775
5.733
5.945
5.757
5.769
6.02
5.76
7.107
6.448
5.899
5.964
5.767
5.71
5.997
5.819
5.963
5.931
5.725
6.756
6.001
5.812
6.055
5.758
5.728
6.006
5.803
5.95
5.938
5.643
6.767
5.969
5.767
5.962
5.746
5.724
5.983
5.775
5.963
5.924
5.733
6.808
5.998
5.714
5.945
5.753
5.745
5.935
5.75
6.067
5.992
5.75
6.77
5.908
5.741
6.049
5.755
5.73
5.942
5.763
5.801
6.073
5.738
6.783
5.961
5.843
6.384
5.781
5.743
6.042
5.776
5.964
5.974
5.722
6.578
5.889
5.733
6.047
5.75
5.756
5.956
5.771
5.811
6.02
6.114
6.848
5.971
5.82
5.957
5.774
5.673
6.034
6.371
7.025
5.967
5.73
6.062
5.761
5.744
5.978
5.757
5.804
6.023
5.76
6.965
5.927
5.775
6.472
5.769
5.724
6.021
5.964
7.801
5.937
5.812
6.201
5.963
5.881
6.101
5.764
7.024
6.063
5.792
6.006
5.755
5.712
5.959
5.735
5.782
6
5.776
6.83
5.876
5.704
6.267
5.924
5.716
5.93
5.741
5.773
5.986
5.735
6.963
5.915
5.698
6.103
5.792
5.711
5.93
5.747
5.629
6.394
5.746
6.947
5.956
5.722
6.055
5.749
5.69
5.98
5.734
5.777
6.025
5.728
7.074
5.869
5.702
6.113
5.733
5.713
5.93
5.741
5.718
6.02
6.091
6.906
5.978
5.724
6.168
5.799
5.69
5.943
5.736
5.781
5.987
5.728
6.968
5.92
5.707
6.107
5.823
5.713
5.919
5.738
5.742
5.985
5.727
7.213
6.012
5.87
6.021
5.759
5.723
5.954
5.758
5.893
6.033
5.753
6.841
6.037
6.027
6.104
5.981
5.961
6.28
5.762
7.159
6.078
5.747
6.01
5.776
5.726
6
5.759
5.961
5.938
5.746
6.647
5.932
5.813
6.067
5.76
5.718
5.967
5.771
6.054
5.98
5.732
6.741
5.926
5.73
6.062
5.773
5.731
6
5.764
5.945
5.957
5.747
6.81
5.859
5.71
6.047
5.764
5.729
5.963
6.173
6.086
5.951
5.779
6.636
5.953
5.752
5.958
5.756
5.749
5.985
5.753
5.824
5.997
5.765
6.989
6.073
5.929
5.927
5.724
5.759
5.84
5.752
5.985
5.95
5.723
6.826
5.888
5.853
6.052
5.867
5.696
6.067
5.949
7.168
5.898
5.866
6.135
5.697
5.782
5.88
5.751
5.795
6.112
5.778
7.185
6.011
5.819
5.99
5.727
5.628
5.909
5.764
5.8
6.073
6.022
6.799
5.903
5.849
5.971
5.715
5.694
5.956
5.756
6.161
5.974
5.721
6.805
5.941
5.843
5.94
5.724
5.731
5.816
5.75
5.8
6.034
5.873
6.725
5.862
5.831
6.036
5.723
6.135
5.986
5.739
5.959
5.994
5.725
6.757
5.849
5.757
6.039
5.725
5.719
5.958
5.752
5.813
5.991
5.859
6.856
5.801
5.721
6.129
5.694
5.743
5.846
5.761
5.711
5.984
5.737
5.769
5.943
5.713
6.646
5.774
5.708
6.05
5.696
5.714
5.944
5.729
5.711
6.038
5.748
6.039
5.822
5.713
6.502
5.767
5.715
5.969
5.704
5.718
5.959
5.747
5.667
6.028
5.75
7.006
5.696
5.735
6.175
5.831
5.73
5.86
5.742
5.717
6.189
5.792
6.184
5.964
5.76
6.378
5.907
5.757
6.126
5.793
5.754
6.148
5.792
7.152
5.969
5.732
6.089
5.805
6.305
6.111
5.805
6.297
5.997
5.907
6.607
6.095
5.849
6.015
5.81
5.99
6.115
5.755
6.734
5.972
5.767
5.987
5.782
5.771
6.028
5.791
5.958
5.98
5.773
6.724
5.957
5.752
6.083
5.784
5.743
6.017
5.781
5.922
5.923
5.765
6.589
5.879
5.667
6.083
5.764
5.754
5.96
5.76
5.81
6.131
5.757
6.698
5.935
5.733
6.098
5.739
5.716
5.924
5.723
5.824
5.993
5.777
7.028
5.862
5.722
6.1
5.788
5.718
5.978
5.726
5.67
5.998
5.853
6.162
6.012
5.746
6.335
5.891
5.671
5.935
5.754
5.668
5.966
5.765
5.933
6.004
5.789
7.136
5.993
5.81
6.068
5.773
5.713
6.038
5.752
7.135
6.083
6.013
6.205
6.136
6.079
6.29
6.002
6.814
5.929
5.73
5.954
5.747
5.727
5.996
5.735
5.94
5.972
5.738
6.614
5.889
5.702
6.076
5.551
5.7
6.045
5.764
5.719
6.03
5.755
6.989
5.873
5.733
6.295
5.784
5.721
5.94
5.757
5.814
6.139
5.791
6.926
5.914
5.741
6.079
5.819
5.768
5.974
5.792
5.801
6.048
5.764
6.86
5.912
5.781
6.089
5.816
5.722
5.971
5.74
5.809
6.043
5.831
7.356
5.925
5.741
5.975
5.754
5.728
5.95
5.746
5.935
5.956
5.728
7.05
6.126
6.057
5.996
5.881
5.789
6.004
5.75
7.13
5.84
5.74
6.09
5.74
5.719
6.019
5.776
5.801
6.046
5.785
6.978
6.055
5.777
6.078
5.789
5.755
5.982
5.758
5.776
6.02
5.751
6.799
6.066
5.889
5.972
5.766
5.729
5.958
5.711
5.792
5.984
5.697
6.968
5.949
5.751
6.056
5.785
5.641
6.06
5.775
5.797
6.055
5.754
6.973
6.069
5.811
6.04
5.755
5.707
5.961
5.681
5.742
5.991
5.754
6.986
6.028
5.812
6.172
5.851
5.724
5.992
5.812
5.99
5.97
5.767
7.001
6.107
5.947
6.217
5.955
6.054
5.945
5.753
7.172
6.101
6.063
6.259
5.943
7.395
5.954
5.871
6.078
5.662
5.667
5.904
5.684
5.668
5.991
5.675
6.154
5.798
5.671
6.596
6.026
5.837
5.913
5.712
5.722
5.982
5.746
5.887
5.89
5.707
6.734
5.976
5.788
6.078
5.897
5.823
5.98
5.752
6.28
5.962
5.888
6.79
6.059
5.854
6.098
5.779
6.035
5.993
5.761
6.736
5.955
5.749
6.051
5.752
5.78
5.979
5.771
5.943
5.945
5.727
6.825
5.973
5.732
5.934
5.755
5.706
5.974
5.756
5.938
5.948
5.735
6.632
5.956
5.739
6.052
5.765
5.732
6.198
5.773
5.937
6.005
5.742
6.685
6.026
5.951
6.241
5.791
5.79
6.032
5.829
5.972
5.925
5.783
6.55
5.934
5.704
5.944
5.737
5.715
5.978
5.804
5.969
5.983
5.772
6.785
6.018
5.745
5.973
5.78
5.691
5.987
5.745
5.807
6
5.777
7.048
6.086
5.868
6.066
5.846
5.74
6.002
5.837
6.316
5.842
5.718
6.564
5.941
5.857
6.114
5.756
5.763
6.293
5.764
6.973
5.961
5.751
6.089
5.987
5.822
6.082
5.796
5.967
5.963
5.811
6.562
5.939
5.744
5.97
5.772
5.752
5.955
5.723
5.954
5.968
5.741
6.802
5.885
5.67
6.094
5.735
5.696
6.332
5.764
5.955
6.529
5.8
6.528
5.84
5.703
5.972
5.755
5.704
5.983
5.746
5.812
6.001
5.745
6.81
5.916
5.707
6.125
5.789
5.712
5.915
5.76
5.752
6.042
5.75
7.005
5.937
5.73
6.098
5.782
5.758
6.058
5.708
5.866
6.083
5.797
6.806
5.947
5.739
6.075
5.783
5.766
6.164
5.804
5.966
6.03
5.747
6.696
5.956
5.713
6.208
5.748
5.734
5.953
5.758
5.803
6.071
5.732
