31.831
62.024
42.064
49.945
27.855
12.589
37.156
11.683
17.004
18.296
11.64
29.272
15.827
16.455
16.999
16.569
27.826
11.722
13.751
15.203
15.244
14.366
12.454
28.28
13.847
14.11
13.709
15.512
11.97
24.639
13.892
11.827
11.859
12.18
13.664
11.757
24.57
13.688
15.329
11.955
11.894
12.59
13.962
11.859
24.601
13.765
15.13
11.871
11.661
12.106
24.824
22.586
11.819
11.724
11.678
11.721
11.447
11.628
11.558
11.516
11.829
11.7
12.026
11.632
11.881
12.475
11.934
11.713
11.665
11.656
11.422
11.595
11.672
11.459
11.664
11.643
12.581
11.446
11.732
12.261
11.505
11.696
11.736
12.194
11.522
11.753
11.687
11.433
11.693
11.713
12.232
12.038
11.821
11.76
11.638
11.699
11.766
12.163
11.528
11.717
11.707
11.455
11.788
12.002
12.297
11.454
11.64
11.545
11.448
11.62
11.658
11.675
11.703
11.62
11.893
11.419
12.013
11.842
11.603
13.038
12.079
12.362
13.361
12.045
12.199
11.659
11.543
11.664
11.594
12.312
11.589
11.767
11.801
11.492
11.684
11.599
12.479
11.625
11.551
11.689
11.422
11.736
11.71
12.253
12.243
11.753
11.884
11.63
11.709
11.626
12.043
11.658
11.707
11.763
11.229
11.778
11.659
12.705
11.529
11.782
11.815
11.512
11.665
12.303
11.938
12.441
11.958
11.747
11.646
11.703
11.572
11.768
11.432
11.762
11.705
11.446
11.686
11.674
12.489
11.633
11.755
11.731
11.466
11.66
11.707
12.587
11.514
11.86
11.76
11.653
11.673
11.614
12.322
11.665
11.749
11.737
11.525
11.718
11.671
12.465
11.503
11.626
11.689
11.42
11.695
11.608
12.939
11.589
11.78
11.723
11.531
11.758
11.749
12.341
11.68
11.83
12.826
12.997
11.661
11.849
11.832
11.513
11.687
11.702
12.361
11.507
11.688
11.623
11.446
11.764
11.718
12.634
11.481
11.974
11.682
11.49
11.706
11.654
12.586
11.563
11.824
11.651
11.492
11.679
11.761
12.662
11.489
12.188
11.701
11.284
11.736
11.652
12.486
11.46
11.531
11.72
11.435
11.712
11.592
11.582
11.617
11.666
11.633
11.402
11.719
11.407
12.946
12.979
12.006
11.859
11.586
11.704
11.679
12.084
11.437
11.639
11.862
11.405
11.706
11.719
12.715
11.612
11.773
11.664
11.468
11.656
11.782
12.584
11.441
11.779
12.591
11.473
11.635
11.557
12.046
11.645
11.509
11.644
11.435
11.649
11.701
12.304
11.477
11.686
11.833
11.407
11.679
11.664
11.651
11.639
11.679
11.673
11.099
11.69
11.701
11.425
11.669
11.992
13.011
12.274
11.832
11.769
11.633
11.609
11.576
11.66
11.399
11.681
11.5
11.431
11.694
11.596
12.613
11.416
11.654
11.709
11.404
11.636
11.588
11.66
11.637
11.602
11.76
11.383
11.693
11.584
11.411
11.669
11.641
12.292
12.205
11.809
11.76
11.583
11.684
11.664
12.147
11.425
11.698
11.655
11.394
11.72
11.566
11.822
11.585
11.693
11.77
11.42
11.968
11.625
11.495
11.715
11.688
11.962
11.609
11.539
11.593
11.428
11.674
11.58
11.574
11.597
11.679
11.863
11.391
11.529
11.58
11.42
11.644
11.62
12.637
11.275
11.757
11.701
11.517
11.676
11.642
11.629
11.662
11.647
11.877
11.368
11.721
11.69
11.472
11.641
11.696
12.222
11.569
11.778
11.686
11.468
11.601
11.528
11.678
11.629
11.531
13.321
12.441
12.727
11.761
11.617
11.379
11.706
11.727
11.566
11.611
11.716
11.713
11.411
11.627
11.658
11.518
11.726
11.899
12.913
12.362
12.552
12.505
12.625
11.481
11.574
11.658
11.714
11.644
11.655
11.708
11.388
11.83
11.937
11.461
12.038
11.694
11.868
11.436
11.575
11.736
11.391
11.684
12.383
12.301
11.64
11.648
11.686
11.419
11.651
11.568
12.294
12.333
12.045
11.625
11.594
11.693
11.556
12.06
11.592
11.706
11.757
11.493
11.645
11.591
12.59
11.643
11.721
11.701
11.455
11.541
11.705
12.165
12.261
11.672
11.797
11.659
11.726
11.876
12.054
11.551
11.701
11.675
11.413
11.684
12.141
12.282
11.534
11.683
11.563
11.383
11.704
11.55
11.626
11.591
11.623
11.762
11.384
11.759
11.725
11.49
11.567
11.648
14.234
11.508
11.689
11.645
11.639
11.628
11.695
11.711
11.423
11.596
11.733
11.467
11.679
11.745
12.21
11.613
11.796
11.71
11.46
11.598
12.15
12.375
11.54
11.717
12.696
13.054
11.549
11.691
11.711
11.432
11.441
11.597
11.657
11.643
11.662
11.654
11.398
11.722
11.706
11.493
11.674
11.687
12.278
11.52
11.771
11.677
11.241
11.702
11.691
11.601
11.67
11.902
11.8
11.42
11.754
11.692
11.52
11.701
11.621
11.805
11.407
11.666
11.914
11.465
11.68
11.698
12.56
11.996
11.603
11.717
11.465
11.66
11.658
12.574
11.506
11.769
11.675
11.336
11.679
11.59
11.584
11.639
11.718
11.802
11.531
11.55
11.601
11.466
11.738
11.598
12.277
11.46
11.792
11.744
11.452
11.708
11.617
11.725
11.71
11.769
11.736
11.497
11.813
11.622
11.701
11.655
11.827
11.662
11.404
11.877
11.822
11.499
11.617
11.788
12.196
11.538
11.756
11.7
11.473
11.631
11.72
12.667
11.51
11.799
11.661
11.237
11.681
11.646
11.651
11.648
11.809
11.766
11.428
11.769
11.726
11.495
11.75
11.707
11.812
11.402
11.628
11.671
11.425
11.616
11.675
11.652
11.649
11.675
11.794
11.404
11.874
11.671
12.356
11.872
11.678
11.792
11.368
11.703
11.652
11.491
11.739
11.615
11.902
11.431
11.763
11.719
11.439
11.63
11.662
11.656
11.594
11.711
11.668
11.416
11.687
11.694
11.536
11.658
11.738
12.035
11.622
11.631
11.814
11.44
11.687
11.7
12.708
11.518
11.558
11.671
11.438
11.669
11.779
11.812
11.749
11.785
11.675
11.414
11.775
11.616
11.485
11.651
11.553
13.65
11.359
11.685
11.7
11.587
11.644
11.627
11.682
11.354
11.699
11.654
11.471
11.648
11.611
12.585
11.563
11.66
11.731
11.454
11.751
11.565
12.693
11.523
11.783
11.701
11.481
11.682
11.672
12.676
11.598
11.783
11.71
11.332
11.698
11.993
12.327
11.45
11.762
11.694
11.431
11.733
11.672
12.653
11.432
11.663
11.707
11.411
11.717
11.716
12.419
11.631
11.937
11.742
11.448
11.615
11.656
11.614
11.632
11.651
11.755
11.383
11.731
11.609
11.484
11.593
11.748
12.249
11.664
11.673
11.694
11.625
11.674
11.697
12.729
11.813
11.754
11.934
11.498
11.717
11.692
11.87
11.86
11.771
11.639
11.533
11.729
11.808
12.245
11.657
16.698
15.381
11.972
12.121
11.462
11.878
11.747
12.632
11.591
11.836
11.595
11.581
11.951
11.776
12.098
11.608
11.774
15.415
17.026
12.926
11.835
11.836
11.818
11.784
11.483
11.894
11.807
11.559
12.37
12.876
11.956
11.723
11.942
11.726
12.486
11.615
11.942
11.636
11.522
11.704
11.84
12.18
11.905
11.851
11.842
11.694
11.851
11.702
11.965
11.54
11.823
12.281
13.566
11.504
11.765
11.687
11.456
11.715
11.576
12.216
12.231
13.185
12.129
12.442
11.615
11.735
11.842
11.499
11.759
12.172
12.604
11.329
12.417
12.596
12.591
11.435
12.802
12.192
11.731
11.663
11.718
11.83
11.466
11.686
11.681
11.33
11.703
11.852
11.887
11.448
11.736
11.631
11.48
11.741
11.722
12.646
11.628
11.718
11.771
11.508
11.747
11.59
12.607
11.564
11.654
12.694
11.948
11.797
11.837
11.791
11.428
12.474
11.667
11.833
11.707
11.753
11.683
11.314
11.833
11.644
11.526
11.7
11.659
11.852
11.434
11.614
11.885
11.46
11.772
11.684
12.822
11.474
11.724
11.711
11.512
11.797
11.746
12.377
11.505
11.621
12.56
11.61
11.762
11.675
11.987
11.468
11.699
11.656
11.221
11.776
11.833
12.804
11.515
12.179
11.692
11.47
11.691
11.929
12.168
11.677
11.849
11.625
11.518
11.672
11.666
12.472
11.671
11.673
11.724
11.469
11.765
11.63
12.57
11.568
11.787
11.668
11.48
11.72
11.676
12.619
11.352
11.703
11.642
11.399
11.706
11.726
11.632
11.621
11.72
