40.119
34.835
68.292
25.577
40.401
24.095
23.36
24.901
32.909
23.182
24.482
22.61
36.786
23.887
22.502
22.482
34.835
23.174
24.074
24.155
32.875
23.138
24.244
22.385
36.846
24.548
23.068
22.243
35.689
30.033
22.513
22.468
22.324
22.329
22.712
22.275
22.469
22.254
22.229
22.303
22.329
22.523
22.346
22.379
22.237
22.259
22.412
22.63
23.363
22.854
23.677
23.011
22.859
22.611
22.417
22.273
22.399
22.186
22.362
22.235
22.196
22.331
22.264
22.839
22.37
22.451
22.301
22.321
22.409
22.863
23.61
23.469
22.868
22.878
22.738
22.497
22.488
22.319
22.299
22.534
22.355
22.421
22.216
22.407
22.23
22.212
22.351
22.316
22.086
22.397
22.38
22.894
22.307
22.326
22.365
22.331
22.511
22.481
22.511
22.524
22.364
22.505
22.31
22.466
22.383
22.366
22.546
22.41
22.335
22.497
22.444
22.433
22.484
22.293
22.792
23.72
23.411
22.72
22.331
22.289
22.432
22.246
22.312
22.367
22.23
22.264
22.25
22.146
22.26
22.134
22.287
22.312
22.285
22.177
22.273
22.263
22.824
22.282
22.27
22.352
22.307
22.317
22.278
22.448
23.751
23.055
22.54
22.381
22.416
22.471
22.411
22.513
22.483
22.466
22.414
22.453
22.498
22.511
23.282
23.58
23.468
22.765
22.249
22.335
22.344
22.343
22.308
22.353
22.173
22.109
22.359
22.218
22.361
22.184
22.249
22.479
22.381
22.258
22.294
22.147
22.631
23.609
22.942
22.599
22.331
22.315
22.295
22.44
22.157
22.209
22.279
22.335
22.312
22.301
22.152
22.319
22.452
22.292
22.369
22.259
22.28
22.185
22.549
22.11
22.227
22.226
22.396
22.178
22.256
22.195
22.187
22.192
22.191
22.194
22.44
22.215
22.243
22.174
22.2
22.242
22.058
22.225
22.285
22.217
22.407
22.886
22.175
22.235
22.237
22.216
22.233
22.286
22.234
22.235
22.138
22.226
22.316
22.379
22.304
22.25
22.154
22.187
22.261
22.202
22.055
22.24
22.222
22.742
22.183
22.303
22.467
22.158
22.365
22.396
22.202
22.176
22.182
22.242
22.246
22.41
22.209
22.008
22.221
22.209
22.169
22.261
22.253
22.351
22.293
22.368
22.604
23.77
23.398
23.512
22.876
22.911
22.541
22.388
22.439
22.392
22.466
22.575
22.358
22.281
22.462
22.24
22.69
22.367
22.412
22.349
22.313
23.995
22.876
23.703
23.428
22.904
22.505
23.81
22.768
22.617
22.321
22.404
22.182
23.251
23.586
22.971
22.913
22.612
22.345
22.437
21.985
22.371
22.361
22.856
23.662
22.995
22.575
22.131
23.537
22.908
22.574
22.348
22.365
22.33
22.407
22.513
23.544
23.048
22.816
22.326
22.248
22.226
22.347
22.372
22.253
22.468
23.579
23.327
22.806
22.489
22.461
22.412
22.292
22.197
22.332
22.18
22.271
22.376
22.171
22.254
22.34
22.339
22.365
22.396
22.238
22.414
22.333
22.525
22.495
22.129
22.343
22.306
22.312
22.315
22.335
22.232
22.267
22.276
22.23
22.523
22.672
22.392
22.333
22.468
22.32
22.503
22.297
22.473
22.476
22.374
22.74
23.622
23.053
22.494
22.449
22.445
22.358
22.458
22.342
22.341
22.421
22.319
22.419
22.24
22.353
22.279
22.18
22.315
22.023
22.149
22.182
22.418
22.86
22.309
22.339
22.316
22.432
22.3
22.419
22.164
22.361
22.314
22.395
22.388
22.463
22.303
22.174
22.192
22.254
22.236
22.237
22.264
22.239
22.268
22.755
22.195
22.291
22.268
22.351
22.47
22.344
22.331
22.283
22.18
22.343
22.401
22.514
22.253
22.281
22.215
22.279
22.331
22.24
22.205
22.316
22.215
22.253
23.225
22.378
22.336
22.116
22.469
22.393
22.359
22.426
22.371
22.393
22.323
22.403
22.273
22.22
22.403
22.309
22.342
22.431
22.434
22.394
22.434
22.349
22.93
23.656
23.107
22.763
22.386
22.162
22.548
22.347
22.346
22.284
22.309
22.298
22.554
22.303
22.357
22.351
22.274
22.31
22.092
22.35
22.334
22.125
22.699
22.277
22.295
22.377
22.31
22.465
22.345
22.472
22.328
22.326
22.337
22.436
22.305
22.53
22.301
22.419
22.172
22.47
22.338
22.405
22.319
22.498
22.648
23.575
23.142
22.747
22.511
23.585
23.146
22.71
22.332
22.323
22.329
22.193
22.365
22.461
22.332
22.337
22.346
22.243
22.285
22.441
23.479
23.17
23.21
23.554
23.636
22.98
22.702
22.537
22.457
22.438
22.447
22.529
22.314
22.475
22.38
22.298
22.395
22.479
22.414
22.459
22.484
22.362
22.396
22.273
22.571
23.165
22.695
23.623
23.362
23.012
22.961
22.437
22.161
22.455
22.331
22.318
22.286
22.396
22.301
22.286
22.316
22.346
22.296
22.372
22.275
22.349
22.743
23.412
23.216
23.646
23.215
22.812
22.913
22.72
22.428
22.348
22.326
22.486
22.467
22.349
23.666
23.105
22.872
22.844
22.678
22.431
22.335
22.38
22.593
23.504
23.664
23.3
22.93
22.556
22.396
22.461
22.36
22.192
22.289
22.293
22.245
22.416
22.292
22.407
22.43
22.31
22.325
22.357
22.344
22.198
22.807
22.259
22.355
22.514
22.265
22.5
22.332
22.45
22.375
22.377
22.33
22.32
22.298
22.445
22.252
22.399
22.14
22.267
22.354
22.308
22.249
22.253
22.295
22.472
22.266
22.375
22.537
22.284
22.476
22.336
22.338
22.391
22.41
22.333
22.351
22.296
22.382
22.329
22.362
22.358
22.113
22.278
22.348
22.476
22.22
22.795
22.374
22.206
22.399
22.311
22.353
22.383
22.465
22.362
22.427
22.457
22.561
22.355
22.587
22.428
22.316
22.354
22.394
22.447
22.325
22.452
22.392
23.025
22.36
22.487
22.361
22.336
22.326
22.217
22.346
22.239
22.265
22.347
22.163
22.308
22.355
22.005
22.407
22.321
22.12
22.312
22.329
22.229
22.404
22.756
22.177
22.308
22.351
22.34
22.248
22.361
22.302
22.314
22.196
22.251
22.3
22.218
22.279
22.509
22.247
22.433
22.403
22.287
22.33
22.503
22.358
22.423
22.603
23.406
23.461
23.638
23.386
23.153
22.711
22.471
22.266
22.35
22.214
22.247
22.293
22.453
22.244
22.323
22.333
22.337
22.331
22.143
22.349
22.499
22.878
23.557
22.834
23.638
22.898
22.907
22.528
22.428
22.222
22.427
22.471
22.284
22.482
22.55
22.487
22.475
22.357
22.467
22.363
22.38
22.333
22.212
22.94
23.46
23.468
22.79
22.526
22.48
22.31
22.489
22.309
22.398
22.193
22.224
22.352
22.448
22.405
22.306
22.248
22.407
22.257
22.345
22.266
22.36
22.586
22.291
22.322
22.309
22.332
22.412
22.239
22.461
22.452
22.354
22.272
22.335
22.383
22.473
22.403
22.442
22.348
22.446
22.243
22.44
22.488
22.475
22.571
23.697
23.034
22.88
22.453
22.293
22.377
22.36
22.372
22.389
22.381
22.391
22.336
22.404
22.385
22.45
22.453
22.415
22.392
22.379
22.424
22.41
22.62
23.653
23.239
22.84
22.578
22.427
22.354
22.202
22.452
22.418
22.507
22.425
22.402
22.59
22.302
22.385
22.396
22.473
22.366
22.402
22.344
22.368
22.659
23.555
23.319
22.903
22.915
23.48
23.097
22.684
22.274
22.295
22.327
22.251
22.252
22.424
22.323
22.261
22.29
22.253
22.279
22.279
22.223
22.312
22.565
23.381
23.739
23.346
23.099
22.789
22.528
22.405
22.339
22.314
22.499
22.307
22.401
22.513
22.483
22.346
22.364
22.463
22.357
22.448
22.358
22.328
22.847
23.482
22.852
22.619
22.317
22.314
22.328
22.258
22.304
22.346
22.292
22.232
22.284
22.328
22.274
23.614
22.779
22.38
22.33
22.529
22.369
22.442
22.493
22.716
22.458
22.353
22.244
22.334
22.4
22.292
22.346
22.392
22.371
22.518
22.43
22.328
22.666
22.45
22.358
22.416
22.247
22.369
22.427
22.298
22.281
22.914
23.602
23.391
22.868
22.871
22.706
22.432
22.334
22.398
22.328
22.286
22.147
22.358
22.609
22.336
22.256
22.336
22.374
22.339
22.307
22.179
22.386
22.688
22.223
22.345
22.416
22.339
22.422
22.067
22.532
22.282
22.512
22.372
22.497
22.436
22.434
23.681
23.66
22.796
22.759
22.637
22.528
22.386
22.482
