11.343
10.993
51.118
40.5
20.405
8.189
8.352
28.746
59.899
8.263
36.7
8.061
8.035
38.456
8.094
13.003
16.408
16.541
8.595
30.698
7.981
7.712
10.637
16.982
16.391
16.623
8.294
31.875
8.009
8.21
10.768
15.569
16.553
8.851
30.578
8.029
8.072
10.649
16.282
16.464
8.701
33.284
8.06
15.354
17.274
16.668
16.225
8.695
30.692
10.737
16.186
16.444
11.453
8.003
34.899
30.232
10.341
8.078
9.08
7.864
8.984
7.694
8.903
7.63
8.868
7.61
8.829
7.695
8.862
7.615
8.883
7.665
10.181
7.893
9.391
10.795
7.87
9.171
7.825
9.096
7.796
9.169
7.882
9.09
7.891
9.028
7.91
9.043
7.83
9.073
7.937
9.054
8.068
8.946
7.826
9.145
7.989
8.98
11.122
7.93
9.039
7.778
9.076
7.706
9
7.735
8.929
7.723
9.006
7.72
8.981
7.708
8.994
7.707
8.882
7.666
8.913
7.812
9.02
7.767
9.057
7.722
8.996
7.679
8.921
7.975
8.98
7.982
9.207
8.208
9.185
10.994
7.981
9.17
7.799
8.987
7.779
8.981
7.761
9.616
8.032
11.421
12.856
8.292
9.28
8.228
9.316
8.456
9.086
11.789
8.099
9.308
8.021
9.187
8.051
9.224
7.985
9.295
8.207
9.383
12.202
8.17
9.257
7.997
9.133
7.887
9.358
7.998
9.165
8.209
9.424
12.102
8.387
9.603
8.185
9.349
8.158
9.071
7.937
9.293
8.169
8.952
11.273
8.013
9.166
7.869
9.268
7.968
9.158
7.869
9.133
7.879
9.245
7.808
8.939
7.845
9.301
8.283
9.146
11.056
8.112
9.525
7.862
9.28
7.869
9.589
8.021
10.775
12.829
8.18
9.322
8.029
9.214
8.034
9.3
8.037
9.15
11.506
8.161
9.479
7.745
9.179
7.786
9.378
8.022
9.289
8.122
9.339
12.538
8.18
9.528
8.156
9.412
8.406
9.18
8.114
9.237
11.338
8.039
9.19
7.9
9.07
7.863
9.093
7.826
9.041
7.853
9.347
8.011
9.252
8.127
9.379
11.942
8.39
9.468
8.102
9.432
8.13
9.532
8.132
9.357
11.682
8.023
9.799
8.202
9.654
8.217
9.062
7.889
9.288
8.353
9.499
15.309
13.87
8.16
9.44
8.077
9.117
7.99
9.183
11.695
7.967
9.803
8.024
9.509
8.107
9.391
8.029
8.919
7.961
9.198
11.9
8.112
9.387
8.168
9.33
7.861
9.181
7.856
9.129
8.073
8.898
7.826
9.203
11.82
8.246
9.492
7.948
9.353
7.949
9.288
8.102
9.182
7.827
9.28
8.118
9.228
11.191
8.032
9.63
8.324
9.429
7.995
9.232
8.054
9.374
12.013
8.108
9.374
8.051
9.35
8.043
9.327
8.189
9.183
8.096
9.03
17.611
12.621
8.161
9.306
7.914
9.171
7.988
8.961
7.878
8.917
8.061
8.847
11.834
8.094
9.396
8.05
9.28
8.08
9.275
8.231
9.51
8.125
9.035
11.754
7.994
9.225
8.006
9.363
8.09
9.22
7.884
9.06
7.803
9.048
7.846
8.904
8.125
8.801
7.819
9.19
11.943
8.245
9.302
7.966
9.089
7.709
8.92
7.695
8.901
7.683
8.915
7.684
8.926
7.666
8.926
7.684
8.976
7.806
9.006
7.729
9.03
7.772
9.359
8.249
9.347
11.57
8.062
12.633
13.652
8.315
9.365
7.95
9.056
8.06
9.111
8.148
9.297
11.678
8.318
9.43
8.036
9.298
7.967
9.349
8.225
9.322
8.271
9.05
10.993
8.037
9.302
8.05
9.33
8.063
9.296
8.234
9.492
8.144
9.092
11.482
8.089
9.216
7.928
9.083
7.889
9.084
7.833
9.307
8.023
9.28
8.122
9.121
8.46
8.897
11.431
7.996
9.321
7.958
9.135
8.016
9.171
7.901
9.061
7.811
9.01
7.717
9.41
8.298
9.045
11.824
7.9
9.222
7.918
12.229
13.329
7.911
9.202
7.882
9.112
7.914
9.142
8.061
8.954
7.858
9.198
8.005
8.841
11.614
7.854
9.076
7.779
9.386
7.764
8.975
7.768
9.061
7.803
8.97
7.749
9.209
7.899
9.047
7.92
9.041
7.87
8.971
8.075
9.346
11.594
8.08
9.698
8.334
9.475
8.268
9.478
7.91
9.382
11.734
8.093
9.237
8.096
9.342
8.096
9.202
8.032
9.22
8.092
9.426
12.093
8.428
9.645
8.095
9.377
8.097
9.079
7.94
9.375
8.553
9.349
15.098
13.306
8.432
9.419
8.152
9.474
8.194
9.343
11.475
8.067
9.696
8.072
9.39
8.193
9.291
7.899
9.088
7.937
9.268
11.893
8.124
9.416
7.901
9.391
8.128
9.288
7.988
8.942
7.698
8.79
7.737
8.786
7.829
8.914
7.775
9.224
8.029
9.058
11.494
8.222
9.356
7.867
9.278
7.873
9.116
7.799
9.007
7.761
9.046
7.743
8.997
7.788
9.166
7.964
9.319
11.798
8.302
9.39
7.989
9.298
8.01
9.309
8.24
9.178
7.986
9.321
16.588
13.428
8.382
9.484
8.324
9.384
12.15
8.067
9.348
8.052
9.231
8.091
9.393
7.892
9.057
7.943
9.39
8.379
9.322
10.632
8.077
9.264
8.036
9.247
8.005
9.21
7.961
9.187
8.249
9.098
8.087
9.256
11.341
7.976
9.182
7.776
8.97
7.768
9.115
7.787
9.02
7.717
9.03
7.731
9.092
7.884
9.206
7.813
8.995
7.718
9.362
8.438
9.16
11.436
7.958
9.099
7.797
9.021
7.749
8.97
7.697
8.96
7.91
9.035
7.75
8.918
7.756
11.64
14.443
8.241
9.311
7.914
9.043
7.929
8.937
11.858
7.982
9.158
8.031
9.244
8.047
9.107
7.941
9.297
8.085
9.16
8.031
9.048
11.798
8.045
9.178
7.902
9.081
8.089
9.259
7.926
9.355
8.127
9.499
8.494
9.366
11.071
8.117
9.348
8.093
9.336
8.133
9.346
8.487
9.053
12.03
8.392
9.437
8.069
9.419
8.016
9.387
8.189
9.384
11.692
8.367
9.435
7.985
9.454
8.053
9.612
8.069
9.28
8.113
9.123
11.482
8.333
12.182
14.086
8.198
9.498
8.158
8.974
7.703
9.053
8.462
9.151
10.921
8.209
9.463
8.115
9.459
8.025
9.259
7.955
8.965
7.848
8.917
7.681
9.256
8.378
9.184
10.915
8.183
9.226
7.911
9.135
7.884
9.2
7.838
8.992
7.801
9.081
7.764
9.073
7.759
8.995
7.821
9.029
7.87
9.202
8.61
9.275
10.824
8.037
9.492
8.119
9.506
7.855
9.142
7.869
9.178
7.874
9.379
8.263
9.296
11.737
8.335
9.602
8.018
9.225
7.963
9.388
8.267
10.715
12.138
8.115
9.264
8.05
9.292
8.13
9.085
8.045
8.872
11.429
7.946
9.224
7.99
9.151
7.926
9.119
7.89
9.124
7.885
9.182
7.789
9.314
8.36
9.243
11.416
7.956
9.124
7.797
8.981
7.738
8.926
7.682
8.889
7.698
8.868
7.846
8.891
7.679
8.933
7.696
8.897
7.667
8.882
7.691
8.954
7.689
8.913
7.774
8.947
7.722
8.933
7.767
9.249
7.927
9.152
7.926
9.236
8.148
9.082
8.226
9.108
11.531
8.337
9.368
7.989
9.275
8.05
11.549
12.501
8.334
9.469
8.085
9.529
8.13
9.372
12.092
8.384
9.434
8.039
9.367
8.166
9.234
8.244
9.03
11.622
8.095
9.31
8.133
9.326
8.059
9.287
8.338
9.317
8.553
9.251
11.065
8.159
9.293
8.11
9.285
8.12
9.309
8.182
9.074
8.032
9.187
11.744
8.004
9.182
7.836
9.044
7.736
9.004
7.719
8.974
7.696
8.912
7.725
8.939
7.664
8.895
7.714
8.916
7.659
9.236
7.853
9.257
7.854
9.154
7.917
8.893
7.845
9.249
8.122
10.465
11.526
8.261
9.518
8.341
9.003
8.013
9.231
11.551
8.191
9.559
8.319
9.616
8.148
9.24
8.266
9.356
11.687
8.234
9.333
7.933
9.057
8.035
9.196
8.033
9.327
8.219
9.181
8.167
9.283
11.381
8.4
9.464
8.076
9.363
8.071
9.162
7.952
9.317
8.595
9.342
11.059
8.149
9.248
7.927
9.107
7.837
9.321
7.995
9.336
8.191
9.411
12.024
8.327
9.649
8.114
9.754
8.256
9.249
8.046
8.949
11.544
8.05
9.29
