165.273
116.861
99.294
81.922
73.732
94.619
61.601
68.548
53.635
61.822
50.798
56.296
46.343
52.805
43.547
42.885
41.07
40.544
39.108
38.347
37.523
36.613
36.265
34.845
34.817
33.624
33.296
32.995
31.875
31.887
31.097
30.57
30.614
30.63
30.521
30.634
30.628
30.564
30.609
30.65
29.946
30.668
30.635
30.633
30.645
30.65
30.555
30.577
30.516
30.55
30.45
30.425
30.361
30.294
30.215
30.119
29.829
29.841
29.845
29.85
29.86
29.849
29.821
29.879
29.819
29.799
29.789
29.702
29.849
29.757
29.864
29.848
29.838
29.851
29.849
29.875
29.852
29.911
29.874
29.883
29.788
29.803
29.826
29.817
29.865
29.878
29.809
29.75
29.82
29.825
29.815
29.839
30.38
30.447
30.503
30.57
30.601
30.568
30.701
30.68
30.656
30.716
30.713
30.665
30.756
30.757
30.741
30.803
30.812
30.811
30.816
30.743
30.814
30.753
30.752
30.786
30.775
30.787
30.789
30.722
30.748
30.663
30.666
30.668
30.66
30.612
30.665
30.656
30.585
30.574
30.557
30.527
30.484
30.333
30.394
30.28
29.871
29.868
29.73
29.847
29.844
29.842
29.946
29.845
29.822
29.818
29.829
29.789
29.814
29.817
29.713
29.866
29.772
29.828
29.849
29.852
29.756
29.845
29.817
29.798
29.84
29.818
29.805
29.796
29.798
29.815
29.796
29.685
29.769
29.874
29.77
29.866
29.849
29.8
29.845
29.847
29.814
29.836
29.817
29.843
29.836
29.883
29.82
29.715
29.816
29.831
29.854
29.813
29.817
29.87
29.831
29.853
29.847
29.812
29.845
29.789
29.773
29.798
29.754
29.814
29.704
29.881
29.849
29.844
29.876
29.864
29.845
29.804
29.855
29.842
29.817
29.796
29.815
29.881
29.821
29.823
29.843
29.855
29.773
29.831
29.722
29.848
29.845
29.844
29.805
29.807
29.814
29.821
29.876
29.849
29.794
29.849
29.827
29.753
29.683
29.91
30.428
30.445
30.503
30.529
30.472
30.575
30.58
30.618
30.649
30.6
30.677
30.7
30.666
30.668
30.651
30.662
30.675
30.724
30.716
30.683
30.738
30.684
30.725
30.724
30.707
30.687
30.692
29.868
30.663
30.673
30.692
30.724
30.74
30.733
30.738
30.779
30.748
30.742
30.704
30.757
30.751
30.673
30.759
30.79
30.711
30.739
30.767
30.721
30.753
30.753
30.733
30.67
30.703
30.737
30.728
30.643
30.706
30.574
30.571
30.67
30.663
30.632
30.602
30.597
30.597
30.583
30.501
30.533
30.56
30.484
30.41
29.893
29.887
29.878
29.845
29.872
29.885
29.848
29.826
29.796
29.836
29.85
29.885
29.85
29.855
29.876
29.847
29.82
29.851
29.875
29.816
29.867
29.856
29.795
29.832
29.736
29.712
29.797
29.877
29.839
29.778
29.849
29.839
29.805
29.838
29.839
29.851
29.902
29.811
29.847
29.837
29.785
29.795
29.768
29.834
29.845
29.85
29.843
29.846
29.858
29.754
29.745
29.847
29.837
29.792
29.112
29.844
29.791
29.814
29.759
29.689
29.812
29.872
29.807
29.871
29.851
29.838
29.846
29.843
29.846
29.876
29.849
29.85
30.064
30.033
30.053
29.711
29.818
29.883
29.79
29.881
29.817
29.841
29.842
29.849
29.838
29.837
29.846
29.83
29.782
29.841
29.842
29.841
29.76
29.803
29.798
29.841
29.821
29.769
29.872
29.841
29.808
29.875
29.871
29.848
29.851
29.851
29.843
29.759
29.118
29.696
29.849
29.814
29.762
29.848
29.818
29.842
29.842
29.809
29.814
29.845
29.842
29.872
29.801
29.799
29.847
29.815
29.746
29.846
29.819
29.84
29.845
29.803
29.845
29.847
29.826
29.841
29.825
29.879
29.771
29.82
29.844
29.848
29.701
29.833
29.816
29.81
29.825
29.154
29.811
29.847
29.851
29.825
29.837
29.845
29.842
29.883
29.792
29.841
29.799
29.768
29.754
29.776
29.837
29.843
29.843
29.843
29.845
29.845
29.871
29.843
29.794
29.815
29.843
29.846
29.867
29.809
29.74
29.789
29.859
29.848
29.811
29.881
29.844
29.868
29.84
29.825
29.753
29.813
29.833
29.818
29.792
29.714
29.822
29.988
30.271
30.308
30.4
30.413
30.448
30.499
30.51
30.495
29.827
30.478
30.48
30.592
30.466
30.527
30.455
30.409
30.407
30.367
29.856
29.882
29.851
29.821
29.885
29.871
29.866
29.792
29.826
29.739
29.848
29.876
29.817
29.854
29.691
29.843
29.798
29.852
29.84
29.846
29.87
29.856
29.84
29.846
29.797
29.774
29.79
29.821
29.874
29.883
29.824
29.751
29.761
29.811
29.851
29.805
29.843
29.839
29.84
29.838
29.859
29.845
29.845
29.836
29.812
29.858
29.76
29.713
29.842
29.793
29.828
29.846
29.835
29.859
29.843
29.834
29.845
29.848
29.875
29.843
29.833
29.839
29.841
29.792
29.68
29.857
29.846
29.844
29.842
29.848
29.96
30.182
30.118
30.199
30.206
29.84
29.851
29.82
29.804
29.806
29.81
29.694
29.844
29.879
29.796
29.815
29.815
29.863
29.858
29.858
29.841
29.912
29.812
29.842
29.801
29.838
29.856
29.763
29.837
29.813
29.84
29.838
29.843
29.842
29.868
29.739
29.837
29.847
29.815
29.791
29.816
29.847
29.843
29.83
29.758
29.812
29.846
29.817
29.818
29.878
29.905
29.843
29.868
29.823
29.862
29.808
29.812
29.846
29.843
29.84
29.832
29.884
29.827
29.847
29.929
29.815
29.81
29.845
29.849
29.838
29.865
29.882
29.879
29.842
29.832
29.774
29.814
29.815
29.732
29.813
29.811
29.813
29.811
29.845
29.835
29.851
29.84
29.84
29.793
29.877
29.867
29.854
29.807
29.842
29.713
29.853
29.836
29.811
29.817
29.81
29.817
29.841
29.841
29.834
29.845
29.791
29.861
29.881
29.818
29.801
29.86
29.788
29.786
29.856
29.82
29.841
29.845
29.917
30.194
30.475
30.63
30.691
30.722
30.687
30.77
30.785
30.804
30.772
30.667
30.808
30.804
30.77
30.791
30.768
30.783
30.729
30.683
30.633
30.721
30.642
30.636
30.612
30.52
30.464
30.319
30.308
29.893
29.856
29.852
29.828
34.464
29.846
29.881
29.867
29.835
29.85
29.883
29.856
29.853
29.849
29.904
29.838
29.851
29.815
29.847
29.845
29.842
29.843
29.846
29.848
29.837
29.864
29.859
29.834
29.775
29.79
29.726
29.715
29.847
29.767
29.836
29.882
29.848
29.813
29.837
29.862
29.767
29.885
29.845
29.859
29.838
29.718
29.873
29.813
29.767
29.858
29.797
29.845
29.844
29.844
29.85
29.824
29.848
29.847
29.833
29.809
29.849
29.839
29.839
29.852
29.852
29.688
29.818
29.838
29.804
29.797
29.845
29.81
29.854
29.835
29.828
29.792
29.796
29.799
29.841
29.771
29.838
29.878
29.871
29.872
29.848
29.805
29.818
29.816
29.817
29.812
29.846
29.787
29.846
29.88
29.861
30.213
30.252
30.263
29.72
30.429
30.43
30.473
30.488
30.498
30.503
30.501
30.507
30.512
30.541
30.44
30.517
30.497
30.5
30.483
30.482
30.349
30.505
30.492
30.518
30.496
29.94
30.094
30.406
30.463
30.481
30.491
30.499
30.54
30.517
30.445
30.448
30.499
30.566
30.563
30.561
30.629
30.575
30.584
30.582
30.583
30.532
30.531
30.482
30.552
30.522
30.528
30.438
30.258
30.275
30.314
30.209
29.773
29.849
29.874
29.837
29.852
29.84
29.812
29.863
29.841
29.847
29.873
29.831
29.823
29.71
29.834
29.817
29.834
29.888
29.908
29.847
29.845
29.797
29.872
29.767
29.871
29.809
29.874
29.879
29.81
29.813
29.762
29.791
29.736
29.815
29.815
29.825
29.828
29.797
29.817
29.811
29.879
30.475
30.46
30.562
30.605
30.604
30.56
30.506
30.701
30.719
30.652
30.704
30.715
30.771
30.768
30.803
30.778
30.774
30.777
30.753
30.735
30.758
30.747
30.68
30.737
30.752
30.731
30.754
30.773
30.74
30.724
30.715
30.673
30.555
29.809
29.868
29.822
29.844
29.822
29.781
29.851
29.8
29.79
29.84
29.807
29.852
29.87
30.52
30.574
30.615
30.654
30.58
30.695
30.659
30.669
30.614
30.523
30.62
30.681
30.634
30.582
30.582
30.548
30.563
30.49
30.478
29.842
29.821
29.835
29.823
29.811
29.834
29.864
29.828
