44.548
18.91
25.843
44.869
47.412
15.362
42.909
18.289
18.119
18.029
15.483
37.383
15.277
25.875
18.029
39.53
15.452
18.044
24.96
41.291
15.392
26.186
17.975
39.919
15.248
26.228
17.927
17.933
38.194
15.006
26.98
16.697
40.67
38.73
16.43
16.441
16.397
16.367
16.33
16.347
16.457
16.272
16.272
16.647
16.481
16.551
16.417
16.371
16.471
16.411
16.42
16.664
16.476
16.48
16.405
16.378
16.476
16.364
16.516
16.36
16.428
16.524
16.474
16.516
16.444
16.785
16.811
16.544
16.519
16.345
16.323
16.356
16.643
16.678
16.549
16.302
16.653
16.49
16.71
16.328
17.067
16.604
16.639
16.782
16.849
16.717
16.954
16.57
16.472
16.48
16.455
16.398
16.597
16.304
16.205
16.203
16.174
16.092
16.777
16.699
16.438
16.355
16.606
16.502
16.764
16.182
16.688
16.451
16.63
16.655
16.294
16.642
16.732
16.733
16.266
16.631
16.187
16.843
16.402
16.447
16.718
16.841
16.28
16.45
16.56
16.382
16.569
16.77
16.657
16.668
16.323
16.48
16.509
16.455
16.454
16.695
16.397
16.653
16.397
16.665
16.388
16.653
16.43
16.689
16.583
16.622
16.402
16.614
16.462
16.466
16.494
16.493
16.779
16.201
16.652
16.484
16.739
16.321
16.561
16.555
16.662
16.507
16.398
16.918
16.254
16.564
16.686
16.402
16.881
16.462
16.41
16.336
16.737
16.35
16.938
16.709
16.615
16.953
16.453
16.267
16.425
16.393
16.345
16.268
16.636
16.561
16.34
16.654
16.617
16.188
16.697
16.858
16.3
16.443
16.641
16.272
16.644
16.466
16.642
16.697
16.41
16.522
16.491
16.431
16.604
16.76
16.717
16.48
16.248
16.606
16.574
16.341
16.582
16.448
16.651
16.616
16.44
16.672
16.393
16.612
16.575
37.507
20.683
16.648
16.655
16.611
16.626
16.546
16.665
16.453
16.502
16.696
16.462
16.356
16.323
16.49
16.564
16.462
16.342
16.367
16.404
16.437
16.423
16.42
16.418
16.497
16.454
16.486
16.432
16.448
16.421
16.425
16.46
16.456
16.438
16.421
16.456
16.672
16.625
16.545
16.488
16.558
16.564
16.503
16.497
16.661
16.804
16.524
16.412
16.455
16.424
16.471
16.33
16.407
16.431
16.386
16.359
16.338
16.302
16.416
16.356
16.339
16.244
16.27
16.287
16.281
16.243
16.356
16.211
16.238
16.236
16.276
16.912
16.428
16.294
16.585
16.766
17.057
16.331
16.46
16.492
16.481
16.326
16.54
16.45
16.537
16.741
16.473
16.357
16.528
16.579
16.552
16.5
16.653
16.371
16.508
16.578
16.575
16.376
16.72
16.262
16.759
16.296
16.8
16.267
16.812
17.048
16.464
16.466
16.745
16.635
16.494
16.485
16.449
16.492
16.452
16.524
16.519
16.523
16.413
16.464
16.445
16.483
16.532
16.291
16.611
16.552
16.408
16.734
16.406
16.558
16.621
16.415
16.515
16.664
16.434
16.707
16.535
16.32
16.907
16.374
16.629
16.229
16.692
16.439
16.649
16.58
16.565
16.339
16.802
16.399
16.585
16.436
16.587
16.383
16.706
16.394
16.663
16.437
16.413
16.722
16.194
16.797
16.382
16.667
16.34
16.752
16.358
16.713
16.673
16.843
16.043
16.432
16.458
16.57
16.485
16.589
16.568
16.755
16.417
16.44
16.478
16.663
16.63
16.269
16.687
16.516
16.698
16.287
16.66
16.482
16.616
16.674
16.35
16.57
16.578
16.415
16.782
16.309
16.834
16.31
16.867
16.182
16.664
16.74
16.291
16.674
16.855
16.556
16.764
16.67
16.499
16.738
16.749
16.703
16.785
16.668
16.637
16.758
16.584
16.735
16.546
16.452
16.332
16.624
16.445
16.548
16.494
16.471
16.426
16.47
16.398
16.755
16.761
16.755
16.569
16.609
16.634
16.413
16.381
16.425
16.325
16.368
16.344
16.418
16.302
16.3
16.265
16.327
16.273
16.319
16.253
16.447
16.689
16.353
16.654
16.427
16.562
16.54
16.612
16.59
16.382
16.453
16.766
16.488
16.36
16.632
16.601
16.392
16.659
16.538
16.461
16.596
16.577
16.455
16.655
16.761
16.308
16.465
16.623
16.471
16.599
16.729
16.324
16.683
16.533
16.418
16.532
16.967
16.415
16.558
16.464
16.408
16.395
16.831
16.333
16.415
16.693
16.403
16.66
16.499
16.57
16.715
16.422
16.449
16.61
16.568
16.776
16.536
16.441
16.524
16.26
16.596
16.819
16.206
16.608
16.546
17.289
16.318
16.348
16.466
16.454
16.319
16.612
16.803
16.541
16.489
16.645
16.393
16.269
16.656
16.425
16.678
16.588
16.514
16.565
16.457
16.689
16.277
16.604
16.574
16.51
16.458
16.608
16.421
16.544
16.539
16.462
16.739
16.111
16.763
16.451
16.564
16.442
16.801
16.236
16.694
16.524
16.438
16.63
16.512
16.428
16.811
16.273
16.548
16.599
16.444
16.591
16.458
16.713
16.285
16.718
16.524
16.51
16.42
16.613
16.39
16.455
16.656
17.007
16.434
16.568
16.59
16.571
16.598
16.645
16.616
16.543
16.47
16.527
16.644
16.507
16.74
16.587
16.499
16.515
16.663
16.501
16.591
16.519
16.467
16.527
16.459
16.512
16.432
16.461
16.424
17.408
16.363
16.544
16.39
16.377
16.427
16.306
16.279
16.235
16.335
16.559
16.86
16.344
16.774
16.406
16.426
16.629
16.381
16.26
16.689
16.639
16.464
16.568
16.368
16.617
16.524
16.559
16.741
16.282
16.678
16.439
16.582
16.506
16.617
16.441
16.431
16.618
16.658
16.483
16.479
17.093
16.319
16.44
16.331
16.492
16.664
16.726
16.478
16.347
16.64
16.661
16.405
16.581
16.333
16.698
16.601
16.41
16.76
16.481
16.452
16.732
16.7
16.446
16.51
16.435
16.782
16.794
16.803
16.701
16.588
16.625
16.429
16.458
16.7
16.419
16.461
16.447
16.525
16.487
16.427
16.469
16.547
16.641
16.488
16.45
16.41
16.63
16.538
16.347
16.691
16.376
16.649
16.48
16.587
16.498
16.266
16.699
16.523
16.45
16.531
16.741
16.306
16.629
16.56
16.685
16.425
16.822
16.285
16.57
16.405
16.66
16.433
16.514
16.346
16.597
16.772
16.539
16.315
16.683
16.48
16.542
16.344
16.79
16.497
16.509
16.518
16.427
16.66
16.473
16.644
16.561
16.719
16.467
16.602
16.399
16.624
16.431
16.55
16.414
16.636
16.374
16.766
16.48
16.363
16.68
16.489
16.766
16.186
16.736
16.368
16.672
16.403
16.816
16.362
16.708
16.439
16.433
16.907
16.399
16.67
16.442
16.334
16.686
16.473
16.402
16.736
16.771
16.58
16.826
16.82
16.767
16.839
16.698
16.726
16.774
16.737
16.728
16.501
16.629
16.699
16.701
16.976
16.43
16.644
16.506
16.381
16.56
16.383
16.409
16.316
16.402
16.396
16.364
16.269
16.343
16.315
16.221
16.093
16.131
16.113
16.869
16.474
16.476
16.578
16.386
16.671
16.375
16.867
16.058
16.773
16.385
16.946
16.5
16.279
16.45
16.562
16.485
16.528
16.625
16.475
16.615
16.392
16.493
16.53
16.661
16.405
16.532
16.522
16.709
16.514
16.462
16.591
16.553
16.541
16.525
16.626
16.469
16.508
16.661
16.302
16.672
16.669
16.391
16.718
16.569
16.42
16.476
16.547
16.4
16.73
16.732
16.761
16.783
16.642
16.645
16.473
16.472
16.511
16.505
16.422
16.75
16.69
16.826
16.831
16.745
16.75
16.567
16.633
16.679
16.453
16.461
16.959
16.773
16.788
16.762
16.801
16.762
16.846
16.649
16.636
16.592
16.662
16.541
16.578
16.583
16.571
16.483
16.33
16.305
16.299
16.411
16.293
16.307
16.284
16.228
16.256
16.301
16.198
16.249
16.273
16.271
16.317
16.905
16.322
16.314
16.513
16.225
16.678
16.577
16.449
16.75
16.463
16.605
16.52
16.538
16.569
16.628
16.515
16.671
16.469
16.548
16.837
16.638
16.413
16.339
16.565
16.411
16.385
16.804
16.224
16.557
16.733
16.44
17.098
16.499
16.422
16.372
16.442
16.466
16.683
16.586
16.386
16.581
16.433
16.704
16.524
16.665
16.358
16.795
16.535
16.505
16.392
16.664
16.754
16.816
16.591
16.791
16.725
16.673
16.629
16.595
16.733
17.046
16.678
16.737
16.768
16.725
16.561
16.528
16.516
16.532
16.499
16.64
