11.9450683594
25.8391113281
5.61303710938
2.01782226562
3.10083007812
2.27685546875
37.2858886719
12.4802246094
11.287109375
9.99682617188
11.9338378906
14.6401367188
5.14331054688
5.55297851562
5.033203125
10.662109375
9.0478515625
9.18286132812
8.65502929688
8.10107421875
11.9079589844
9.53295898438
11.3229980469
10.9418945312
5.6318359375
4.28100585938
4.19897460938
4.99609375
3.56689453125
7.15161132812
4.92602539062
3.60498046875
3.39868164062
3.82885742188
4.751953125
5.0849609375
3.80493164062
3.56884765625
2.30615234375
1.82470703125
6.0400390625
7.99291992188
3.78002929688
5.37377929688
4.25512695312
1.54296875
1.4951171875
1.548828125
1.43725585938
2.4951171875
2.03100585938
1.93212890625
1.01293945312
1.48510742188
1.921875
1.51586914062
1.50610351562
1.49291992188
1.42016601562
2.09301757812
1.71899414062
1.89990234375
1.84497070312
1.53979492188
2.15893554688
1.67700195312
2.79418945312
1.5361328125
1.70703125
1.31713867188
1.22192382812
2.79809570312
1.419921875
1.52197265625
1.45190429688
1.47485351562
3.12109375
2.66918945312
1.55712890625
1.42919921875
1.31201171875
2.19287109375
1.31201171875
1.5361328125
1.2412109375
1.39501953125
2.1259765625
2.2939453125
2.08325195312
1.81298828125
1.60498046875
1.60107421875
1.27099609375
1.697265625
1.53125
1.58276367188
1.48608398438
1.40405273438
1.68115234375
1.75
1.669921875
1.74682617188
1.8037109375
1.43701171875
1.2880859375
2.37890625
1.5791015625
1.59594726562
1.2919921875
1.86889648438
2.55200195312
1.27197265625
2.86694335938
1.5
1.12182617188
2.50415039062
1.52319335938
1.70971679688
1.45483398438
1.77319335938
2.84106445312
1.92797851562
1.94506835938
1.90600585938
1.36889648438
2.65576171875
1.64599609375
2.29077148438
2.09399414062
1.5390625
3.92797851562
2.68310546875
2.1318359375
1.8720703125
2.15307617188
2.4482421875
1.375
1.79907226562
1.30297851562
1.38012695312
1.59399414062
1.3603515625
2.81689453125
2.47875976562
1.13305664062
2.70385742188
1.05883789062
2.3701171875
1.2099609375
2.56811523438
1.55029296875
1.10888671875
2.2568359375
1.95776367188
1.54077148438
2.10205078125
1.55590820312
2.75
1.33618164062
1.76098632812
2.07397460938
1.58813476562
3.546875
1.419921875
1.69384765625
1.38720703125
1.54809570312
2.38208007812
1.53979492188
2.97729492188
1.40502929688
1.53100585938
1.34106445312
1.89208984375
2.92700195312
1.82104492188
1.3720703125
1.64697265625
1.5400390625
1.26879882812
1.40087890625
2.93725585938
1.68310546875
1.60107421875
1.79321289062
1.14111328125
3.41381835938
1.55908203125
1.7109375
1.10522460938
1.9931640625
3.3291015625
1.30615234375
1.42016601562
1.50708007812
1.7880859375
1.83911132812
1.61596679688
2.1259765625
1.34619140625
1.73681640625
2.1533203125
1.84497070312
1.93701171875
1.2861328125
1.78002929688
1.54809570312
1.52587890625
3.0390625
1.458984375
1.42407226562
1.34765625
1.95922851562
2.0029296875
1.81787109375
1.36791992188
1.23999023438
1.623046875
2.01318359375
1.67602539062
2.208984375
1.2998046875
1.15795898438
2.11206054688
1.3779296875
2.54711914062
1.52270507812
1.61401367188
2.76220703125
1.36791992188
2.48095703125
2.083984375
1.31591796875
3.0537109375
1.69995117188
1.47998046875
1.6640625
1.98706054688
2.02416992188
1.6181640625
1.326171875
1.17993164062
1.21606445312
2.40893554688
1.59912109375
3.166015625
1.60620117188
1.67309570312
1.86303710938
1.48608398438
3.31005859375
1.5048828125
1.421875
1.44506835938
2.51879882812
1.93579101562
3.4208984375
3.77392578125
2.76318359375
1.59985351562
2.283203125
1.55102539062
3.1611328125
1.39331054688
1.4677734375
1.51489257812
1.26098632812
2.88793945312
1.3798828125
1.49389648438
3.02709960938
2.6640625
1.60107421875
1.1171875
2.28295898438
1.48022460938
1.34790039062
1.35815429688
1.7548828125
2.18383789062
2.009765625
1.74780273438
2.34204101562
1.5859375
3.59106445312
1.373046875
1.77905273438
1.5029296875
1.48193359375
3.0791015625
1.35693359375
1.79467773438
1.2958984375
1.197265625
2.15405273438
1.27319335938
2.40576171875
1.52905273438
2.72900390625
2.03588867188
1.56982421875
1.72998046875
1.54907226562
1.2568359375
2.14868164062
1.50122070312
2.14379882812
1.4560546875
1.45581054688
1.86083984375
1.55590820312
3.15209960938
1.44970703125
1.49389648438
1.15112304688
1.330078125
2.748046875
1.40625
1.5849609375
1.20678710938
1.24096679688
2.89111328125
1.412109375
1.73315429688
1.27368164062
2.70092773438
1.72900390625
1.26196289062
2.42724609375
1.17504882812
1.34887695312
1.5859375
1.32104492188
2.0849609375
1.1689453125
1.82495117188
1.79711914062
1.43774414062
2.42504882812
1.59814453125
1.3251953125
3.03564453125
1.783203125
1.47485351562
1.63793945312
1.5068359375
2.15112304688
1.46997070312
3.22802734375
1.5986328125
1.43676757812
1.65795898438
1.74389648438
2.93481445312
2.37719726562
2.50708007812
1.19897460938
1.49096679688
1.34399414062
1.27197265625
3.05908203125
2.02612304688
1.77392578125
1.93017578125
0.965087890625
2.05493164062
1.27001953125
1.43310546875
1.2529296875
1.64306640625
2.0380859375
1.380859375
2.6181640625
1.376953125
1.22094726562
1.82885742188
1.576171875
2.4140625
1.42407226562
2.09497070312
3.03491210938
2.462890625
2.24169921875
1.26391601562
1.52490234375
2.09594726562
0.9541015625
2.40087890625
1.22192382812
1.208984375
1.93994140625
1.47802734375
2.65380859375
1.4921875
2.5830078125
1.51513671875
1.580078125
2.98510742188
1.51196289062
1.49609375
1.09521484375
1.50219726562
2.06396484375
2.90307617188
2.48095703125
1.28198242188
1.4921875
1.71215820312
1.32885742188
2.22509765625
1.41284179688
1.60205078125
1.99877929688
1.48413085938
2.3251953125
1.2978515625
1.41918945312
1.82983398438
2.18701171875
3.21215820312
1.44506835938
1.81591796875
1.26806640625
1.28515625
2.99609375
1.60400390625
1.62475585938
1.39111328125
1.28784179688
3.04418945312
1.99926757812
1.78491210938
1.35009765625
1.85302734375
2.73803710938
1.53002929688
1.4970703125
1.84887695312
1.380859375
2.82006835938
1.53515625
1.68408203125
1.26196289062
1.19604492188
2.1708984375
1.50903320312
2.98583984375
1.26391601562
2.03881835938
1.27685546875
1.55297851562
2.85693359375
1.47412109375
1.78100585938
1.23095703125
1.19384765625
2.8349609375
1.4541015625
1.994140625
1.4599609375
1.64990234375
3.29296875
1.66528320312
1.7001953125
1.365234375
1.587890625
3.10791015625
1.61108398438
1.72607421875
1.42114257812
2.2021484375
3.53515625
1.67309570312
1.64721679688
2.38500976562
1.423828125
2.97216796875
2.07202148438
1.52709960938
1.296875
1.83203125
2.97387695312
1.99829101562
1.72631835938
1.71997070312
1.64477539062
1.25317382812
1.51806640625
2.81494140625
1.46801757812
1.2880859375
1.38012695312
1.4091796875
3.18798828125
2.083984375
1.33911132812
1.73217773438
1.470703125
3.14404296875
1.30395507812
1.57080078125
1.41235351562
3.19995117188
2.55786132812
2.4619140625
3.58813476562
1.59399414062
2.07983398438
2.09692382812
1.24584960938
2.60400390625
1.73681640625
1.4150390625
2.10668945312
1.22412109375
4.818359375
2.32983398438
1.4951171875
1.22607421875
1.28979492188
2.88305664062
1.35302734375
2.4130859375
1.64697265625
1.52490234375
3.7451171875
2.47094726562
2.29223632812
1.70483398438
1.38500976562
3.01098632812
1.7119140625
1.73803710938
1.59912109375
1.62817382812
3.24682617188
1.8408203125
1.57275390625
2.95703125
1.84692382812
1.74780273438
1.27001953125
1.34594726562
2.07202148438
1.28295898438
2.66821289062
1.09326171875
1.76171875
1.74291992188
1.27197265625
2.94018554688
1.82006835938
1.44580078125
1.74194335938
1.35083007812
3.06469726562
2.16796875
1.69018554688
2.11791992188
1.18310546875
2.376953125
1.60180664062
3.39086914062
1.49194335938
1.55712890625
2.08911132812
1.02197265625
3.26977539062
1.45288085938
1.44116210938
1.61376953125
1.36206054688
4.3271484375
1.55102539062
1.52294921875
1.55517578125
1.23608398438
3.22412109375
1.4189453125
1.52685546875
1.1201171875
2.01293945312
3.34692382812
2.01098632812
1.72119140625
1.39916992188
1.48999023438
3.02099609375
1.24487304688
1.591796875
1.541015625
1.35034179688
2.82202148438
1.36791992188
1.65478515625
1.77099609375
1.18212890625
3.92211914062
1.62890625
1.48681640625
1.47021484375
3.10400390625
2.04809570312
1.03491210938
2.333984375
1.20776367188
1.37890625
1.90405273438
2.63720703125
2.208984375
1.3798828125
1.7587890625
2.1328125
1.2900390625
2.17114257812
1.52392578125
1.35107421875
2.00805664062
1.7890625
2.951171875
2.39111328125
1.73388671875
1.7568359375
2.31616210938
1.9521484375
1.19775390625
3.07104492188
2.29321289062
1.97778320312
3.0859375
1.19702148438
2.14428710938
1.35400390625
1.35009765625
2.09692382812
1.31420898438
2.30419921875
1.22998046875
1.583984375
2.76806640625
1.39013671875
3.20581054688
1.31909179688
1.39892578125
1.884765625
1.36401367188
2.30224609375
1.44018554688
3.18383789062
1.17700195312
3.02612304688
1.52197265625
2.17309570312
3.13916015625
1.42114257812
1.85913085938
1.26416015625
1.380859375
2.10595703125
1.26733398438
2.40893554688
1.23413085938
2.72875976562
2.03295898438
1.25610351562
2.83203125
1.65625
1.27783203125
2.3427734375
1.623046875
1.30102539062
1.44677734375
1.65185546875
1.42602539062
1.34228515625
2.85913085938
1.2958984375
1.9140625
1.29614257812
1.47973632812
3.20727539062
1.89501953125
1.64404296875
1.46508789062
1.1220703125
2.98315429688
1.52416992188
1.53295898438
1.248046875
1.56689453125
3.06420898438
1.5888671875
1.61596679688
2.43994140625
1.98193359375
2.43603515625
0.964111328125
2.46875
1.39306640625
1.63305664062
2.21215820312
1.0029296875
2.05078125
1.251953125
1.31103515625
2.23681640625
1.44311523438
2.23217773438
1.3447265625
1.47875976562
1.85473632812
1.51489257812
3.15625
1.40869140625
1.71020507812
1.19213867188
1.52075195312
2.1328125
1.55810546875
1.83813476562
1.28002929688
1.43994140625
1.94287109375
1.38818359375
2.35571289062
1.55908203125
1.33911132812
1.94897460938
1.26904296875
2.255859375
1.4677734375
1.79467773438
2.14501953125
2.34887695312
3.58178710938
2.248046875
1.27001953125
1.58618164062
1.83618164062
2.8857421875
1.826171875
1.91381835938
2.52001953125
1.5380859375
3.63891601562
1.708984375
1.50610351562
1.42211914062
1.61791992188
5.041015625
1.98681640625
3.03686523438
2.56713867188
1.74975585938
2.44921875
1.45385742188
3.22216796875
1.27294921875
1.8291015625
1.11474609375
1.46118164062
2.92993164062
2.31103515625
1.76611328125
2.16015625
1.93115234375
1.6240234375
1.36987304688
3.86303710938
1.92504882812
1.64794921875
1.46801757812
1.47412109375
2.93310546875
1.76586914062
1.72802734375
1.9677734375
1.48120117188
2.205078125
1.52905273438
1.2626953125
1.36181640625
1.58911132812
2.2080078125
1.06103515625
1.26293945312
1.27587890625
1.599609375
1.578125
1.67993164062
1.75512695312
1.169921875
1.08813476562
1.01293945312
2.134765625
2.18408203125
1.02490234375
1.4931640625
1.38500976562
1.02075195312
1.86181640625
1.01293945312
1.72705078125
1.70678710938
1.10180664062
1.38208007812
1.541015625
1.919921875
0.992919921875
1.5458984375
1.82299804688
1.36303710938
1.59790039062
1.68579101562
1.12109375
1.68627929688
1.54223632812
1.67895507812
1.99194335938
2.48583984375
3.01586914062
3.39697265625
3.35107421875
2.02783203125
2.19384765625
3.67407226562
2.0419921875
4.19799804688
1.8837890625
2.19482421875
3.41186523438
2.71704101562
3.40893554688
1.43017578125
12.6359863281
1.47900390625
0.918212890625
3.2451171875
1.33813476562
1.44213867188
1.3388671875
1.88720703125
1.7880859375
1.287109375
2.63208007812
1.60400390625
1.27099609375
2.05297851562
1.60791015625
1.47607421875
1.63623046875
1.5849609375
2.04907226562
1.47607421875
2.40405273438
1.34790039062
1.73706054688
2.71704101562
1.5
1.46313476562
1.2119140625
1.48193359375
3.44091796875
1.44506835938
1.61499023438
1.42602539062
1.81616210938
3.23876953125
1.69897460938
1.5
1.408203125
1.34399414062
2.08813476562
2.06005859375
3.36889648438
2.06689453125
3.5078125
4.02612304688
1.56811523438
2.63403320312
1.3330078125
1.7900390625
3.5830078125
1.65087890625
1.39916992188
1.27001953125
1.5380859375
2.86303710938
1.48706054688
2.41430664062
3.43310546875
1.6689453125
3.07299804688
1.4130859375
1.36303710938
2.34204101562
1.03198242188
1.81396484375
1.73706054688
2.69580078125
1.81982421875
1.30493164062
2.42797851562
1.52124023438
1.43823242188
1.69189453125
1.32397460938
1.94506835938
1.71484375
3.203125
1.47119140625
1.95385742188
1.57397460938
1.11694335938
3.48999023438
1.34399414062
1.34375
1.90502929688
1.5419921875
3.18090820312
1.53881835938
1.333984375
1.65502929688
1.50610351562
2.88110351562
1.27587890625
2.03295898438
1.85888671875
1.4189453125
2.0791015625
1.73706054688
1.53100585938
1.01782226562
1.93798828125
1.18701171875
1.4208984375
2.77783203125
1.39111328125
1.24194335938
1.97607421875
0.9638671875
2.43896484375
1.38598632812
2.60302734375
1.55493164062
2.33276367188
1.90625
1.57885742188
1.48022460938
1.16577148438
1.1728515625
1.74731445312
1.24291992188
2.27197265625
1.5810546875
2.578125
2.50927734375
1.61010742188
1.85400390625
1.22290039062
1.28076171875
2.0810546875
1.76123046875
1.48193359375
1.30615234375
1.41772460938
2.44897460938
1.619140625
2.9599609375
1.31396484375
1.40502929688
2.07080078125
1.5458984375
3.50903320312
1.97924804688
1.81787109375
1.35791015625
1.18310546875
2.0400390625
1.64184570312
1.7783203125
1.24877929688
1.33911132812
2.06298828125
1.17578125
2.36791992188
1.51000976562
1.576171875
1.326171875
1.81909179688
1.86303710938
1.76416015625
2.455078125
1.11791992188
1.28515625
1.73193359375
1.7509765625
1.65502929688
2.52197265625
1.85986328125
