157.903076172
130.543945312
115.895996094
101.149169922
89.4130859375
90.3137207031
88.0766601562
78.7700195312
77.9838867188
71.3181152344
77.5471191406
75.1770019531
79.3291015625
77.3576660156
76.1999511719
77.4169921875
70.9189453125
72.2880859375
75.4089355469
72.1860351562
72.3881835938
71.2377929688
72.5769042969
70.923828125
72.21875
73.12890625
72.0969238281
70.8090820312
70.9240722656
68.2763671875
63.1452636719
59.1708984375
55.4592285156
55.3859863281
55.625
54.9802246094
51.5932617188
51.3928222656
52.2038574219
51.5681152344
56.1979980469
55.8452148438
56.3481445312
56.7788085938
55.7307128906
52.32421875
51.3342285156
52.2731933594
52.4831542969
56.9018554688
53.7509765625
51.3830566406
53.8288574219
51.4291992188
51.5971679688
52.1140136719
52.4099121094
50.9401855469
48.3000488281
49.1530761719
48.2868652344
48.7509765625
52.1691894531
48.76171875
49.0083007812
48.9851074219
48.0478515625
48.95703125
53.0808105469
52.7670898438
48.28515625
48.3579101562
47.9489746094
48.4699707031
48.4638671875
48.9211425781
51.6140136719
51.6020507812
51.3879394531
51.3469238281
51.7819824219
51.5798339844
53.2368164062
48.8999023438
49.158203125
48.330078125
48.4870605469
48.3530273438
46.6950683594
45.1223144531
45.5178222656
47.4912109375
45.1169433594
45.9990234375
45.2517089844
45.1459960938
45.0717773438
50.96484375
51.5512695312
54.4909667969
47.66796875
46.8220214844
46.8791503906
45.0288085938
45.4860839844
45.2729492188
42.8752441406
42.876953125
44.1333007812
49.9191894531
43.4379882812
47.5471191406
48.2770996094
44.4841308594
43.998046875
43.0690917969
43.037109375
42.7900390625
43.5932617188
42.923828125
42.5979003906
55.0202636719
42.9748535156
46.2060546875
43.3708496094
48.4699707031
43.7561035156
45.4831542969
45.5219726562
45.216796875
45.3278808594
45.5329589844
45.9921875
46.45703125
46.5720214844
51.591796875
45.3937988281
49.1928710938
47.673828125
45.4340820312
46.5109863281
47.5969238281
46.087890625
45.3930664062
45.1379394531
45.5910644531
45.7380371094
45.255859375
45.5998535156
45.1730957031
44.9360351562
45.6955566406
45.2309570312
45.216796875
45.3149414062
46.6120605469
45.9841308594
45.9958496094
46.4521484375
46.1520996094
47.0905761719
44.8537597656
43.3981933594
43.6799316406
43.5708007812
43.2661132812
42.5998535156
42.5629882812
42.8359375
42.6589355469
42.3898925781
42.7509765625
43.0842285156
42.5659179688
43.1469726562
42.7800292969
44.1918945312
44.2900390625
44.7939453125
42.6159667969
42.7019042969
42.7990722656
42.7951660156
42.8139648438
42.8371582031
43.7768554688
43.2590332031
42.7541503906
43.0810546875
43.5827636719
43.5217285156
43.4538574219
43.3278808594
42.6987304688
45.5581054688
43.3872070312
42.6840820312
42.4990234375
43.4128417969
42.9748535156
43.0339355469
42.6748046875
43.4306640625
42.9211425781
42.6311035156
43.5900878906
42.3310546875
42.501953125
42.9060058594
43.0659179688
43.3479003906
42.91796875
45.0988769531
45.1340332031
42.4560546875
43.0231933594
42.7907714844
42.8278808594
43.9899902344
42.9460449219
48.5539550781
42.9460449219
48.4182128906
43.7492675781
43.9038085938
43.3581542969
42.8940429688
43.5717773438
42.970703125
43.0339355469
42.6501464844
56.3979492188
46.4282226562
42.9189453125
46.306640625
46.5769042969
43.5200195312
43.7541503906
47.2778320312
44.1901855469
42.4890136719
42.9970703125
43.0290527344
43.5131835938
44.1037597656
48.2248535156
47.8630371094
43.3029785156
43.2258300781
44.419921875
44.6259765625
43.330078125
43.3388671875
44.2570800781
43.5759277344
44.7321777344
44.0112304688
43.4877929688
43.671875
43.630859375
43.7021484375
44.0837402344
44.412109375
44.0698242188
43.2849121094
44.119140625
45.6643066406
46.6010742188
43.6408691406
43.7629394531
43.5158691406
43.8959960938
44.3142089844
44.5087890625
45.2038574219
43.9309082031
44.123046875
43.8610839844
43.8090820312
44.669921875
44.0842285156
43.9060058594
43.9018554688
43.6899414062
45.2312011719
43.873046875
45.0959472656
50.0129394531
44.3928222656
43.8168945312
43.8071289062
44.333984375
43.5197753906
43.3540039062
44.0712890625
44.0187988281
43.5842285156
43.8620605469
43.4638671875
43.6220703125
44.2687988281
43.6550292969
44.5341796875
44.05078125
45.0329589844
43.9609375
48.5698242188
46.2209472656
44.8298339844
44.0991210938
44.0561523438
43.462890625
44.05859375
43.8110351562
43.8671875
43.7182617188
43.5747070312
43.1340332031
44.080078125
43.8959960938
44.3557128906
43.5510253906
44.4287109375
44.1608886719
43.6340332031
45.3100585938
44.9089355469
44.4650878906
43.70703125
44.0480957031
43.4458007812
44.0837402344
43.8979492188
43.7861328125
43.9870605469
44.44140625
43.7260742188
43.4899902344
43.8420410156
43.5258789062
44.1018066406
44.7358398438
44.3918457031
44.1909179688
44.9880371094
44.9558105469
44.69921875
43.4887695312
43.8481445312
43.6049804688
43.7651367188
44.2180175781
44.1059570312
44.1889648438
44.7829589844
44.0261230469
43.4738769531
43.7458496094
43.9741210938
43.8239746094
43.6589355469
44.3090820312
44.0710449219
44.2150878906
44.2216796875
47.04296875
44.0900878906
44.5119628906
44.2900390625
44.7951660156
43.7587890625
44.4379882812
47.76171875
49.5939941406
49.2351074219
47.1767578125
46.3920898438
44.5
48.2612304688
43.921875
44.1850585938
44.0461425781
43.9240722656
43.6950683594
43.8811035156
43.5961914062
58.7561035156
47.2099609375
47.1911621094
44.5942382812
45.1520996094
44.4091796875
44.1369628906
43.1311035156
41.9221191406
43.5698242188
43.2260742188
41.8708496094
42.5419921875
46.6840820312
44.953125
44.3610839844
44.7890625
46.5969238281
42.8908691406
43.6708984375
41.5610351562
41.4208984375
42.4069824219
41.5522460938
41.7238769531
41.6340332031
43.0126953125
41.1999511719
47.328125
42.9147949219
46.1181640625
41.2839355469
47.5261230469
45.0397949219
42.1530761719
43.2189941406
41.2800292969
41.712890625
41.4909667969
41.419921875
41.7788085938
42.7939453125
45.8708496094
41.505859375
41.9189453125
46.3449707031
45.1899414062
45.3288574219
41.5520019531
42.0620117188
44.2819824219
41.6552734375
41.8132324219
41.9250488281
41.419921875
41.0141601562
41.8369140625
42.1711425781
41.4060058594
42.583984375
41.2927246094
41.3120117188
41.875
41.7360839844
41.876953125
41.58984375
41.7209472656
43.0600585938
42.4350585938
41.638671875
41.9399414062
41.6330566406
41.5070800781
41.576171875
41.5061035156
40.572265625
40.001953125
39.4047851562
40.5861816406
38.8930664062
39.9111328125
39.1591796875
39.4416503906
39.5361328125
40.7229003906
40.6440429688
40.9682617188
40.6652832031
39.5979003906
39.6950683594
39.4196777344
39.3100585938
38.9948730469
38.9567871094
39.7277832031
40.001953125
39.8723144531
39.62109375
41.1262207031
43.3369140625
40.3869628906
41.044921875
41.0407714844
41.501953125
39.3742675781
39.9560546875
39.4340820312
39.3120117188
39.5959472656
43.9340820312
43.5102539062
44.7380371094
39.9001464844
41.8278808594
39.4296875
39.8310546875
40.0100097656
39.3237304688
39.2292480469
39.2309570312
39.958984375
38.8432617188
41.2802734375
39.6762695312
45.4211425781
39.4069824219
39.4111328125
41.8029785156
39.9958496094
40.2619628906
39.4753417969
39.0720214844
40.0861816406
40.404296875
40.2019042969
41.6848144531
39.9631347656
39.3359375
39.2160644531
39.166015625
39.3601074219
40.3430175781
40.1960449219
43.1760253906
40.5048828125
39.1928710938
41.3210449219
40.07421875
39.1892089844
39.0012207031
39.9018554688
39.3911132812
39.12109375
43.41796875
40.1247558594
39.1899414062
39.7431640625
39.3298339844
39.3420410156
39.1098632812
39.4528808594
43.6088867188
39.4660644531
39.3090820312
39.2919921875
39.587890625
39.2790527344
39.2917480469
41.1459960938
44.0280761719
43.1477050781
43.4111328125
39.9680175781
44.7651367188
42.9399414062
39.6708984375
40.0988769531
39.2001953125
39.5729980469
37.5637207031
37.6262207031
37.5769042969
39.6950683594
38.0041503906
40.958984375
41.6550292969
38.0549316406
38.0349121094
38.48828125
37.8439941406
38.7829589844
38.6022949219
39.7060546875
38.1179199219
37.4831542969
38.2661132812
38.1921386719
40.8720703125
41.5632324219
48.6530761719
39.2487792969
39.79296875
40.4296875
38.1801757812
37.3940429688
39.1770019531
39.5678710938
40.1130371094
39.8149414062
40.0009765625
39.6569824219
45.0402832031
43.203125
41.4250488281
41.1701660156
39.4350585938
39.4157714844
39.2502441406
39.7570800781
39.2541503906
39.8388671875
43.8459472656
39.2790527344
40.0510253906
44.9201660156
45.748046875
45.9870605469
41.2229003906
40.1518554688
42.7380371094
39.6809082031
38.9431152344
39.4030761719
39.6870117188
40.0961914062
40.1318359375
41.4191894531
39.9489746094
39.5529785156
39.5710449219
39.7780761719
39.9248046875
39.8498535156
40.4880371094
40.462890625
39.8779296875
41.33984375
40.3459472656
39.9428710938
41.1020507812
39.3291015625
39.6948242188
39.3569335938
39.2307128906
44.876953125
39.3369140625
39.6899414062
39.2810058594
39.8640136719
39.91015625
40.6140136719
40.6870117188
40.4418945312
41.4428710938
39.953125
39.7319335938
39.9760742188
39.2121582031
40.4208984375
43.5678710938
42.8718261719
43.1770019531
43.2229003906
43.046875
41.4128417969
42.4250488281
40.0559082031
40.705078125
39.4370117188
39.5280761719
39.3107910156
39.1901855469
39.283203125
41.0231933594
40.5139160156
39.6958007812
39.193359375
39.8181152344
39.4196777344
38.9360351562
38.9079589844
38.912109375
39.291015625
40.5126953125
40.037109375
39.5568847656
39.2470703125
39.3571777344
40.3857421875
39.5678710938
39.2160644531
40.3298339844
39.9318847656
39.5771484375
39.0427246094
39.03515625
39.6909179688
40.4702148438
39.3781738281
39.12109375
39.1311035156
40.3859863281
39.5349121094
40.8068847656
39.2568359375
39.5771484375
39.9079589844
39.3698730469
40.70703125
40.0119628906
40.3601074219
39.3630371094
39.6440429688
39.1459960938
39.0681152344
39.544921875
39.716796875
40.2241210938
39.2639160156
39.6130371094
41.203125
43.0100097656
40.4020996094
38.6530761719
39.1997070312
39.9851074219
39.1838378906
38.8610839844
39.0629882812
45.455078125
42.6330566406
39.0769042969
39.1840820312
38.8168945312
39.8251953125
41.8698730469
43.6049804688
40.0419921875
39.2727050781
39.251953125
39.4428710938
39.5598144531
38.7712402344
39.3388671875
39.1159667969
38.7551269531
38.7399902344
39.3959960938
38.822265625
39.3232421875
38.6838378906
38.7890625
38.8920898438
40.1130371094
39.53515625
39.3391113281
39.3469238281
39.4448242188
38.8872070312
38.822265625
38.66796875
38.7900390625
38.7629394531
38.6630859375
38.5808105469
38.7578125
38.8637695312
38.5588378906
38.6389160156
38.5461425781
38.7258300781
40.2687988281
42.8488769531
40.1589355469
38.5661621094
38.8271484375
40.3688964844
38.4548339844
38.666015625
38.2778320312
38.6459960938
39.1398925781
37.994140625
38.0988769531
38.2531738281
38.1760253906
38.5961914062
38.0581054688
38.03515625
40.8762207031
39.3752441406
40.4538574219
39.7722167969
39.1818847656
38.2006835938
38.671875
39.4321289062
38.1821289062
38.4702148438
38.7526855469
38.2568359375
38.3530273438
38.3601074219
38.3388671875
38.0390625
38.2080078125
38.8178710938
39.9519042969
39.5939941406
39.2751464844
38.7263183594
38.7421875
38.6379394531
38.7758789062
38.1086425781
38.8530273438
39.4841308594
39.5739746094
38.5588378906
38.6979980469
38.5932617188
38.1638183594
38.1652832031
38.1069335938
39.2109375
39.6450195312
39.1450195312
39.3010253906
39.0300292969
41.5539550781
37.92578125
38.9331054688
38.6091308594
38.8752441406
38.6140136719
38.7202148438
38.5329589844
38.4108886719
38.208984375
38.3051757812
38.4030761719
38.41796875
38.333984375
37.9819335938
38.4819335938
40.8859863281
40.1320800781
39.1560058594
38.3061523438
36.3012695312
36.8093261719
36.7260742188
36.3510742188
37.7641601562
37.1560058594
36.53515625
36.5219726562
36.9528808594
36.5148925781
36.4611816406
36.3500976562
36.3542480469
36.669921875
37.130859375
37.4650878906
36.74609375
36.7331542969
36.2939453125
37.3549804688
37.4697265625
36.5061035156
44.3979492188
41.2111816406
42.83984375
44.5578613281
40.4621582031
36.9780273438
38.3449707031
38.5139160156
38.3979492188
38.7121582031
38.4289550781
39.2761230469
43.3859863281
45.4001464844
44.0749511719
44.4387207031
45.1130371094
39.8959960938
40.5769042969
39.87890625
38.7849121094
38.4172363281
38.5810546875
38.6140136719
38.9958496094
40.7077636719
38.5239257812
39.1618652344
38.255859375
38.3239746094
38.8569335938
38.0131835938
38.0849609375
38.7080078125
39.412109375
39.5671386719
39.5808105469
39.3151855469
38.6840820312
38.29296875
39.3291015625
38.4208984375
38.5109863281
39.0439453125
38.7429199219
37.9880371094
38.8249511719
38.2348632812
38.5090332031
38.2770996094
38.2807617188
38.1970214844
38.1352539062
39.1162109375
39.3479003906
39.419921875
40.4367675781
39.4011230469
38.7622070312
41.1791992188
39.2451171875
38.7487792969
38.1870117188
38.1030273438
39.0209960938
38.5329589844
40.2561035156
38.9831542969
39.3051757812
38.8310546875
39.1711425781
39.1281738281
38.58984375
39.5261230469
41.5419921875
39.0739746094
38.5471191406
38.009765625
38.99609375
38.8481445312
38.3947753906
44.2700195312
42.4111328125
42.3442382812
41.8842773438
39.2360839844
41.1328125
39.0568847656
38.3269042969
38.3952636719
38.1188964844
38.263671875
39.3220214844
38.7348632812
38.4768066406
38.6271972656
43.7697753906
50.25
38.8139648438
39.6879882812
40.828125
38.4919433594
38.6809082031
38.1909179688
39.9169921875
38.9230957031
38.5559082031
38.8188476562
38.3408203125
38.2583007812
38.2312011719
38.1149902344
38.1789550781
38.1489257812
38.0329589844
38.8220214844
38.3759765625
38.3410644531
39.541015625
39.7900390625
39.4929199219
38.9047851562
39.0529785156
38.7287597656
38.591796875
38.2622070312
39.0490722656
39.0520019531
38.1027832031
38.7009277344
38.1181640625
38.3330078125
39.298828125
