126.870849609
46.9331054688
48.6870117188
31.6860351562
30.8549804688
30.9680175781
30.8422851562
70.3879394531
82.2990722656
41.1088867188
39.8271484375
30.7998046875
31.8217773438
31.5061035156
30.4860839844
31.0009765625
32.3930664062
50.8520507812
42.7922363281
58.9289550781
46.03515625
75.6311035156
50.8278808594
43.0139160156
45.4689941406
50.2888183594
31.505859375
31.244140625
29.5288085938
40.2299804688
39.7160644531
37.4279785156
37.1691894531
36.6762695312
37.9538574219
37.2329101562
38.0180664062
75.98828125
52.4138183594
30.3408203125
40.5168457031
34.6579589844
44.7277832031
43.3168945312
29.3139648438
30.8688964844
34.1240234375
38.2668457031
37.251953125
37.9018554688
36.54296875
41.4118652344
38.66796875
40.6657714844
32.0876464844
31.6899414062
34.951171875
37.5319824219
36.6979980469
37.5090332031
36.1389160156
41.8000488281
40.3527832031
33.9428710938
30.3962402344
40.9040527344
41.1411132812
51.6000976562
43.544921875
30.3520507812
43.6877441406
38.7770996094
37.7690429688
53.5771484375
30.4038085938
31.2099609375
42.037109375
43.0029296875
38.7358398438
39.1169433594
32.9802246094
29.6887207031
32.7429199219
40.82421875
37.0168457031
36.3891601562
41.5830078125
39.6801757812
50.6879882812
31.6350097656
29.7067871094
39.4838867188
37.6779785156
36.2612304688
38.04296875
36.2712402344
41.4370117188
40.0659179688
29.7331542969
30.5358886719
31.9868164062
39.5141601562
36.3000488281
36.8239746094
37.9387207031
41.6188964844
38.3088378906
34.3442382812
30.169921875
31.2509765625
41.9479980469
37.7993164062
36.4748535156
36.6240234375
36.9108886719
37.3312988281
42.2141113281
29.9208984375
31.1599121094
31.7878417969
39.3659667969
36.8891601562
37.7622070312
37.1740722656
38.6450195312
37.7470703125
39.9470214844
32.6940917969
30.4389648438
31.7048339844
38.1408691406
37.2219238281
34.8857421875
37.2280273438
38.9519042969
43.4318847656
34.0390625
35.4057617188
31.3889160156
38.0439453125
36.6970214844
36.1276855469
36.0979003906
36.8090820312
40.490234375
42.4658203125
30.1398925781
32.3940429688
31.6569824219
40.6672363281
36.9182128906
37.58203125
38.25
40.4868164062
37.6350097656
33.3559570312
30.8662109375
31.9848632812
37.6198730469
37.5122070312
37.3981933594
36.3779296875
37.5849609375
37.427734375
42.5222167969
30.6599121094
30.7021484375
30.5598144531
38.7800292969
39.9499511719
36.205078125
37.6638183594
39.3359375
42.3991699219
32.9040527344
31.7001953125
34.4189453125
40.4680175781
37.0639648438
36.5610351562
37.1921386719
37.6633300781
37.1801757812
41.4162597656
31.8942871094
33.9631347656
49.1298828125
47.5512695312
54.2119140625
45.9470214844
32.4440917969
45.4360351562
58.9340820312
32.4870605469
31.8310546875
38.2153320312
40.076171875
47.0559082031
38.6791992188
30.3937988281
30.5290527344
31.9841308594
36.3820800781
37.0600585938
38.4172363281
40.2817382812
36.458984375
30.5239257812
31.0949707031
40.9438476562
37.3720703125
37.1479492188
37.6040039062
39.0258789062
42.4028320312
50.00390625
35.3049316406
30.7370605469
30.6948242188
41.3898925781
36.4899902344
37.9509277344
39.6369628906
39.9301757812
40.2109375
33.3698730469
31.3381347656
31.498046875
39.1721191406
37.1740722656
35.7580566406
37.2478027344
37.2797851562
38.9538574219
37.8391113281
30.5029296875
30.8208007812
31.6931152344
38.2590332031
37.8239746094
37.1220703125
37.1188964844
43.3688964844
40.3020019531
30.8950195312
30.2338867188
33.1398925781
37.1599121094
36.5310058594
36.6850585938
37.1982421875
41.4487304688
44.0217285156
28.08203125
31.337890625
35.3190917969
42.0671386719
37.0322265625
37.1560058594
37.0270996094
43.8547363281
46.126953125
33.3930664062
31.828125
33.7121582031
40.2170410156
36.5568847656
37.0861816406
37.091796875
40.0190429688
43.8020019531
50.1420898438
39.5048828125
31.0112304688
32.4489746094
36.66796875
35.8420410156
36.0009765625
36.9577636719
42.3161621094
41.9870605469
41.8010253906
30.2783203125
32.5537109375
31.2331542969
37.0798339844
37.4040527344
36.3278808594
37.376953125
40.166015625
40.361328125
31.6040039062
32.0439453125
31.7048339844
37.5190429688
35.2229003906
35.7248535156
44.0087890625
50.3249511719
36.3120117188
40.9267578125
36.4580078125
38.9111328125
44.0390625
29.9450683594
31.1652832031
39.5529785156
51.0778808594
41.4350585938
31.3198242188
30.7490234375
31.3991699219
37.9567871094
34.8930664062
39.8950195312
42.2106933594
32.7661132812
30.8413085938
31.1970214844
39.7692871094
36.2448730469
36.916015625
38.3989257812
42.6281738281
37.6110839844
30.6530761719
30.8811035156
33.0981445312
40.0771484375
37.0673828125
37.3562011719
37.873046875
39.5588378906
38.919921875
41.4091796875
31.03515625
31.92578125
30.9641113281
37.1840820312
35.0280761719
45.8359375
42.458984375
30.5939941406
39.3688964844
39.8510742188
48.6838378906
36.1499023438
31.1359863281
51.7619628906
44.6838378906
42.625
31.505859375
38.4208984375
40.1860351562
47.7570800781
40.5378417969
31.62109375
36.2541503906
47.9140625
51.1108398438
42.1052246094
29.0607910156
31.0791015625
38.5480957031
34.4208984375
35.5290527344
39.66796875
41.5161132812
29.7521972656
30.2448730469
32.00390625
40.3530273438
37.0329589844
37.1108398438
37.0390625
40.0180664062
39.1520996094
42.0788574219
34.6462402344
31.4890136719
32.1618652344
37.1201171875
36.9250488281
37.8881835938
37.7158203125
39.2099609375
38.4860839844
39.5598144531
31.3908691406
31.2358398438
29.3381347656
49.2387695312
39.9079589844
42.0268554688
43.3952636719
30.0131835938
31.5620117188
30.1372070312
38.0668945312
36.8449707031
37.0910644531
36.8122558594
39.2922363281
39.1821289062
42.2048339844
34.4650878906
30.9460449219
39.2321777344
36.6259765625
37.1518554688
37.7121582031
37.6931152344
38.9169921875
40.2839355469
31.3920898438
32.16015625
42.8488769531
45.3649902344
54.8898925781
41.7397460938
30.7819824219
44.5554199219
40.1711425781
40.4938964844
30.546875
31.3032226562
32.6970214844
40.0190429688
37.4741210938
38.7797851562
38.1838378906
38.1828613281
39.6931152344
39.3918457031
33.7019042969
31.9528808594
32.1909179688
36.1340332031
35.1401367188
40.8139648438
37.5910644531
39.3469238281
29.5317382812
30.3410644531
39.7019042969
34.373046875
36.5710449219
44.0869140625
53.5339355469
33.66796875
38.9619140625
39.576171875
42.3549804688
37.6372070312
33.5759277344
30.8188476562
30.5148925781
35.154296875
34.7180175781
45.5241699219
40.462890625
31.1379394531
29.84375
31.3969726562
36.2880859375
35.6870117188
36.1398925781
41.4619140625
38.6640625
36.3942871094
33.9360351562
31.8937988281
41.4079589844
35.4328613281
36.8859863281
35.2580566406
37.8728027344
38.6848144531
36.7119140625
42.0520019531
30.4721679688
41.87890625
38.7810058594
43.1882324219
34.5510253906
31.2319335938
45.6469726562
36.5319824219
42.5358886719
30.7219238281
39.169921875
39.6262207031
45.2368164062
51.1342773438
30.2739257812
30.9709472656
45.330078125
42.5187988281
32.9519042969
31.5400390625
39.9758300781
35.9318847656
34.9919433594
36.3359375
39.9208984375
31.1450195312
31.201171875
32.1188964844
37.421875
37.6369628906
37.2939453125
36.8078613281
42.5849609375
40.7229003906
33.3466796875
30.4291992188
32.0329589844
41.1560058594
37.0788574219
36.6520996094
38.712890625
39.2180175781
39.3330078125
42.6140136719
34.8569335938
31.1398925781
39.7067871094
36.671875
36.3142089844
36.9509277344
36.2587890625
36.8713378906
41.8208007812
30.6970214844
29.7209472656
31.3430175781
39.341796875
35.69921875
35.5639648438
49.1499023438
43.7202148438
32.5031738281
33.7551269531
39.5778808594
48.2590332031
40.4243164062
31.5310058594
29.9328613281
31.8830566406
36.1279296875
36.0969238281
37.9948730469
37.1220703125
40.3937988281
39.5556640625
40.0983886719
30.8190917969
39.6740722656
42.1791992188
39.8317871094
44.5339355469
33.4379882812
31.2358398438
38.33203125
43.9851074219
46.123046875
36.1889648438
44.1489257812
48.8959960938
49.4448242188
39.4968261719
31.4331054688
39.4873046875
45.3500976562
52.1611328125
34.4328613281
43.0
36.9270019531
36.2797851562
35.2729492188
40.041015625
41.2380371094
43.2338867188
37.5830078125
30.2819824219
39.12890625
37.4089355469
37.953125
36.2229003906
37.4582519531
37.2019042969
39.5991210938
30.6530761719
31.5700683594
31.8188476562
40.5668945312
36.7900390625
37.2270507812
36.9279785156
39.2587890625
37.8010253906
44.6848144531
30.1530761719
31.1052246094
30.9040527344
37.4260253906
41.1599121094
36.9887695312
37.0729980469
41.0192871094
36.7878417969
39.9916992188
31.2568359375
30.953125
32.1130371094
37.5620117188
37.3271484375
37.3659667969
36.6577148438
41.5681152344
39.2788085938
40.30078125
30.9538574219
31.2700195312
37.162109375
38.0798339844
36.365234375
37.2468261719
36.4602050781
43.08203125
42.0168457031
30.9360351562
30.7119140625
31.6848144531
38.3920898438
37.3549804688
37.1218261719
36.3999023438
41.8081054688
38.28125
32.7348632812
30.2890625
31.2739257812
39.1889648438
35.7770996094
35.2707519531
38.9130859375
39.7277832031
35.1796875
32.08203125
31.6208496094
40.8349609375
36.9060058594
40.3459472656
37.2270507812
42.0759277344
38.7009277344
38.41015625
30.1740722656
33.8208007812
34.9028320312
35.16015625
39.1989746094
39.2451171875
42.7678222656
40.66015625
31.044921875
32.5610351562
31.0900878906
37.0170898438
40.3188476562
44.66796875
57.3859863281
37.6940917969
38.8559570312
34.5727539062
52.5529785156
35.7670898438
29.7319335938
33.1000976562
39.2080078125
44.3449707031
42.7619628906
30.3459472656
35.2578125
40.9680175781
40.0559082031
47.1491699219
38.4499511719
30.669921875
35.9379882812
32.2712402344
34.708984375
34.5751953125
43.4460449219
40.0932617188
29.5959472656
41.5288085938
38.3159179688
44.2868652344
35.2690429688
32.3581542969
59.1772460938
45.04296875
37.7309570312
32.5300292969
31.12890625
50.16796875
44.1870117188
43.8830566406
32.21484375
40.0700683594
48.1030273438
47.5441894531
40.1857910156
31.8442382812
34.7927246094
31.7180175781
44.587890625
40.1618652344
39.6079101562
39.5629882812
35.3020019531
34.9262695312
29.8586425781
40.3220214844
37.1889648438
37.0649414062
35.7231445312
37.3620605469
36.6560058594
34.1418457031
30.7390136719
37.8510742188
36.6838378906
36.3676757812
38.0090332031
42.3659667969
44.0612792969
38.7590332031
36.0798339844
30.37890625
41.5219726562
37.2907714844
37.8449707031
36.6469726562
36.1750488281
38.4770507812
40.4682617188
31.8210449219
28.8591308594
31.6730957031
37.5112304688
34.5009765625
35.908203125
41.6552734375
40.6547851562
44.7482910156
30.2351074219
33.2890625
37.1989746094
37.3059082031
36.9479980469
38.5959472656
38.8549804688
37.8798828125
41.9609375
31.29296875
31.3459472656
32.166015625
37.9240722656
37.7312011719
36.83203125
37.9929199219
38.9138183594
38.1989746094
39.7939453125
30.5700683594
40.1982421875
37.3991699219
37.9382324219
36.9130859375
37.2907714844
41.5749511719
56.4260253906
42.8989257812
31.7280273438
31.08203125
42.0080566406
47.5729980469
36.21875
40.25
40.3061523438
36.1479492188
31.1442871094
31.3488769531
44.244140625
46.4938964844
44.2272949219
31.1689453125
31.6027832031
39.0207519531
37.6950683594
46.1218261719
31.7111816406
32.0229492188
38.4768066406
47.3271484375
40.8918457031
30.9580078125
31.078125
37.7390136719
34.953125
35.4321289062
43.4418945312
44.4819335938
34.9809570312
30.9560546875
33.7580566406
38.6520996094
37.6569824219
36.5458984375
37.3200683594
39.6918945312
39.6398925781
41.755859375
30.9799804688
31.671875
32.5319824219
39.0639648438
43.0598144531
41.203125
31.1411132812
30.7321777344
32.2238769531
35.5041503906
35.8911132812
36.1867675781
36.4611816406
35.8967285156
43.9399414062
56.8208007812
30.1491699219
29.4848632812
31.0390625
37.0029296875
35.5981445312
35.8220214844
37.5102539062
40.0417480469
38.5729980469
44.1779785156
31.1240234375
31.4577636719
36.0336914062
37.8278808594
37.3540039062
38.6323242188
36.6513671875
42.7919921875
40.7802734375
45.3181152344
31.666015625
40.8110351562
42.9428710938
64.4379882812
30.6940917969
31.6079101562
40.2360839844
44.1591796875
41.8327636719
33.3359375
38.4870605469
42.1159667969
37.8120117188
44.345703125
29.3361816406
28.8581542969
37.4680175781
36.5
38.1259765625
36.4030761719
42.3857421875
38.5920410156
30.6140136719
32.4260253906
35.4069824219
41.3352050781
35.7429199219
37.4499511719
35.4619140625
42.2658691406
41.8818359375
33.572265625
31.0187988281
31.9240722656
40.3117675781
37.5649414062
36.3859863281
36.6550292969
36.5920410156
38.4279785156
39.123046875
30.6547851562
32.8217773438
31.1450195312
38.1020507812
35.8701171875
36.6181640625
37.9357910156
40.6730957031
42.4721679688
40.6411132812
31.4509277344
29.5151367188
31.7121582031
40.4760742188
37.9228515625
35.1748046875
37.2810058594
39.3779296875
42.796875
40.1228027344
30.4147949219
29.6166992188
33.7248535156
36.3159179688
36.7941894531
37.1079101562
36.0200195312
37.8200683594
37.9331054688
39.7612304688
32.3078613281
34.5319824219
31.5798339844
36.3791503906
35.9968261719
35.5051269531
36.7309570312
38.5480957031
36.8500976562
34.3032226562
31.34375
30.1840820312
37.9340820312
36.8120117188
37.1401367188
37.3139648438
38.1369628906
38.0942382812
41.4541015625
35.5336914062
33.2971191406
38.6079101562
36.3671875
37.2709960938
38.4699707031
38.0532226562
41.5300292969
39.4079589844
31.3928222656
30.2038574219
39.5190429688
35.7963867188
41.1809082031
59.5
31.4128417969
33.712890625
41.8327636719
39.5041503906
46.6628417969
47.2351074219
31.1938476562
31.4111328125
34.0930175781
36.4208984375
36.62109375
36.2770996094
37.37890625
42.0710449219
41.7058105469
32.3171386719
30.6799316406
33.3061523438
35.2761230469
35.8708496094
40.130859375
42.0710449219
33.5690917969
30.1450195312
33.5241699219
40.0888671875
36.4841308594
37.0109863281
35.8288574219
37.1320800781
37.7919921875
37.6547851562
41.0861816406
