46.6667480469
48.8779296875
45.4577636719
46.5490722656
49.2060546875
45.8098144531
45.3210449219
45.8720703125
47.2609863281
36.9047851562
37.076171875
37.005859375
44.5881347656
44.0197753906
44.7399902344
37.5888671875
48.62890625
42.9858398438
31.8759765625
31.3100585938
32.1237792969
31.0849609375
31.7719726562
33.3869628906
33.0151367188
31.4638671875
31.2072753906
32.2580566406
31.1071777344
30.9929199219
29.4870605469
29.7839355469
26.7492675781
27.2121582031
26.7277832031
27.3278808594
26.9819335938
27.5559082031
27.1511230469
27.6149902344
27.2280273438
27.1420898438
27.1469726562
26.8190917969
26.9519042969
27.3291015625
26.9880371094
26.9060058594
26.8911132812
26.8198242188
26.8698730469
27.5349121094
26.9599609375
27.1767578125
27.9951171875
28.2629394531
32.7570800781
27.873046875
26.7380371094
26.962890625
29.1618652344
27.0910644531
27.1689453125
27.1599121094
27.3798828125
28.6486816406
23.4421386719
25.1958007812
23.7136230469
24.0349121094
23.95703125
24.0378417969
23.8627929688
23.8859863281
23.8010253906
24.1789550781
23.794921875
24.1298828125
24.0168457031
23.9470214844
23.7961425781
24.1520996094
23.8679199219
23.8430175781
23.9831542969
23.9150390625
24.9140625
23.8020019531
23.6499023438
24.8869628906
30.876953125
23.9392089844
23.8891601562
24.0632324219
23.8879394531
23.6000976562
23.6220703125
24.7509765625
24.6508789062
24.2119140625
23.8798828125
24.0249023438
23.9431152344
23.8000488281
23.7680664062
24.0852050781
23.6130371094
23.7912597656
25.9150390625
24.0402832031
24.0180664062
24.8872070312
25.1608886719
24.9890136719
23.5419921875
24.2241210938
24.1999511719
23.8620605469
23.9438476562
25.5109863281
24.7846679688
23.8332519531
33.9721679688
33.7678222656
24.16015625
24.580078125
25.8601074219
34.2219238281
26.7470703125
26.9799804688
27.12109375
27.4870605469
26.6860351562
27.2622070312
27.1767578125
26.6530761719
27.4318847656
26.7687988281
26.876953125
27.587890625
26.8103027344
26.9479980469
26.8369140625
28.4340820312
27.7348632812
31.5939941406
26.5891113281
26.623046875
27.0510253906
27.1899414062
26.5859375
32.4321289062
26.7739257812
26.7922363281
29.6918945312
26.6003417969
26.6318359375
26.6059570312
26.7319335938
27.7473144531
27.7529296875
32.0419921875
29.6518554688
29.2209472656
27.9951171875
26.794921875
27.1499023438
27.1459960938
29.0620117188
27.1708984375
26.5417480469
29.3540039062
26.9128417969
26.99609375
26.6262207031
26.5930175781
26.6520996094
26.9470214844
27.8020019531
33.3779296875
27.5590820312
26.8828125
27.4208984375
27.2790527344
27.3657226562
26.5788574219
28.8430175781
31.2687988281
26.8796386719
26.5729980469
27.4111328125
26.5632324219
26.5339355469
27.5490722656
26.7309570312
26.6677246094
27.8889160156
27.9331054688
26.8410644531
26.7697753906
27.0390625
26.5578613281
26.8859863281
26.916015625
29.498046875
32.4790039062
29.8298339844
30.9611816406
29.8740234375
26.8110351562
27.6960449219
29.0112304688
27.9990234375
26.5078125
26.6418457031
28.0749511719
26.4719238281
26.4702148438
29.3491210938
33.0441894531
26.5759277344
26.5319824219
27.4978027344
26.4772949219
33.671875
28.0031738281
28.2958984375
29.2797851562
26.8708496094
27.591796875
28.365234375
27.4318847656
26.8608398438
26.8979492188
28.2548828125
27.2919921875
27.1018066406
28.6560058594
27.2209472656
27.125
27.6650390625
27.5310058594
27.7331542969
27.2761230469
27.1130371094
28.3271484375
32.6020507812
27.4287109375
29.8957519531
26.8010253906
26.8369140625
26.9758300781
26.7758789062
27.8127441406
27.0690917969
27.2421875
28.6489257812
27.173828125
27.037109375
31.0849609375
32.4099121094
28.0319824219
29.99609375
28.0651855469
27.587890625
27.6120605469
26.9489746094
26.6401367188
27.0419921875
27.3256835938
30.5319824219
30.2880859375
28.1611328125
29.2800292969
32.9401855469
40.7290039062
31.2722167969
31.3356933594
31.3991699219
32.0471191406
31.2951660156
35.1560058594
36.4692382812
35.08203125
34.9780273438
35.0051269531
34.1970214844
32.2609863281
32.1809082031
32.4499511719
31.751953125
31.498046875
31.2651367188
31.6801757812
33.2260742188
31.9309082031
31.916015625
34.0280761719
36.7600097656
35.2153320312
34.8859863281
36.7338867188
35.5439453125
33.0600585938
40.1010742188
27.29296875
27.3349609375
28.8688964844
28.4650878906
27.2902832031
33.2145996094
30.8249511719
32.1860351562
27.6599121094
36.158203125
28.1437988281
28.3903808594
29.4208984375
27.6557617188
27.3688964844
27.5319824219
28.6059570312
33.708984375
31.6918945312
31.3610839844
31.1618652344
31.3220214844
31.5939941406
31.0600585938
28.255859375
27.9379882812
24.1418457031
24.9519042969
24.5349121094
24.2121582031
26.4479980469
24.6418457031
24.3708496094
24.05078125
23.9670410156
24.4821777344
24.0241699219
24.4108886719
26.2990722656
23.9470214844
25.2980957031
24.5349121094
33.208984375
28.9899902344
24.4350585938
24.6008300781
24.2390136719
24.6530761719
24.2609863281
25.4929199219
25.1350097656
25.5900878906
23.87109375
24.1591796875
24.6142578125
26.2221679688
28.87109375
25.1440429688
32.5852050781
26.201171875
30.2109375
24.3540039062
24.1442871094
24.2880859375
24.5659179688
24.1569824219
24.8581542969
25.0209960938
24.2531738281
25.9489746094
24.6618652344
25.0700683594
24.373046875
25.2099609375
25.9311523438
30.2980957031
25.7807617188
25.9619140625
27.9938964844
24.2719726562
24.0
25.2548828125
24.2512207031
24.0207519531
26.0688476562
30.7541503906
24.2260742188
24.6218261719
24.3811035156
24.3510742188
24.7631835938
24.2319335938
24.5087890625
24.6418457031
27.3366699219
28.5871582031
24.8510742188
27.2177734375
24.3420410156
24.4858398438
24.3330078125
24.0341796875
24.6049804688
28.3059082031
27.25
27.1572265625
27.7778320312
25.3781738281
24.8291015625
29.9731445312
25.45703125
24.2141113281
24.0009765625
24.1479492188
24.208984375
24.8168945312
30.6201171875
27.3022460938
27.7321777344
27.1560058594
27.3178710938
24.876953125
24.865234375
23.9709472656
24.1259765625
24.2099609375
24.1950683594
24.072265625
24.1591796875
24.619140625
30.9379882812
29.5249023438
29.3352050781
30.7158203125
25.3081054688
26.1369628906
33.458984375
24.3608398438
24.1916503906
25.0578613281
24.9167480469
24.8959960938
24.9560546875
25.0349121094
24.7983398438
24.45703125
24.591796875
24.365234375
24.3518066406
24.44921875
24.2648925781
24.044921875
24.5461425781
24.7038574219
25.1259765625
25.4572753906
24.1159667969
27.6550292969
24.2141113281
24.2058105469
25.6740722656
24.4150390625
25.7099609375
24.3969726562
24.2900390625
24.126953125
24.1789550781
24.8071289062
24.1950683594
24.7961425781
24.1179199219
24.8049316406
24.2109375
24.7109375
26.5070800781
24.4289550781
24.4020996094
25.7509765625
29.8571777344
24.4438476562
24.1059570312
24.5561523438
24.33203125
25.0490722656
24.9560546875
28.4079589844
24.0830078125
23.8862304688
24.5690917969
23.9211425781
24.2639160156
23.9401855469
23.8229980469
23.923828125
25.5209960938
24.962890625
31.8200683594
24.4428710938
24.1599121094
24.1811523438
24.3178710938
24.0480957031
23.9501953125
24.6691894531
24.412109375
24.8210449219
25.36328125
24.3659667969
24.62890625
24.6110839844
24.3950195312
24.8298339844
24.4638671875
24.4638671875
24.3090820312
24.4001464844
25.5310058594
25.1411132812
31.4819335938
24.091796875
24.2502441406
25.9431152344
25.1608886719
24.4038085938
23.8950195312
29.5869140625
24.1159667969
24.6511230469
25.1789550781
25.7807617188
25.6020507812
24.1079101562
25.0219726562
24.2856445312
24.3918457031
24.2470703125
24.6196289062
25.3540039062
24.7038574219
25.2111816406
24.2219238281
24.0617675781
24.4418945312
25.3210449219
24.0131835938
25.8041992188
24.4460449219
30.4401855469
25.7761230469
24.7780761719
29.2250976562
27.3698730469
28.7248535156
25.0270996094
25.6298828125
27.2009277344
24.6909179688
24.1491699219
24.5180664062
23.9560546875
24.3479003906
25.5988769531
26.2219238281
28.6188964844
29.4001464844
28.5349121094
28.044921875
24.7548828125
29.7741699219
24.1430664062
24.8659667969
26.5209960938
27.3698730469
27.3950195312
28.0471191406
30.9802246094
30.6750488281
30.9970703125
28.7758789062
27.5532226562
27.869140625
28.3310546875
27.5520019531
27.0942382812
29.3811035156
29.1728515625
27.5349121094
27.2829589844
27.6953125
27.6447753906
30.3911132812
32.3669433594
27.708984375
29.5559082031
28.6108398438
34.6418457031
32.6740722656
27.5500488281
27.1799316406
29.7180175781
27.4907226562
29.4877929688
27.3701171875
27.5249023438
27.6821289062
28.2216796875
28.1000976562
28.3940429688
30.5231933594
29.2470703125
30.4929199219
30.4418945312
29.0009765625
27.8288574219
27.7829589844
27.6550292969
28.6311035156
28.8969726562
28.9130859375
31.5151367188
33.1291503906
30.7028808594
28.0109863281
33.6137695312
29.5590820312
28.3151855469
37.123046875
27.3410644531
29.2487792969
27.4892578125
27.4870605469
28.2109375
41.7861328125
27.5280761719
32.5700683594
33.6669921875
32.1350097656
28.8137207031
27.703125
27.6877441406
41.2341308594
27.7458496094
28.2348632812
27.5029296875
27.9291992188
27.33203125
28.171875
27.5197753906
27.580078125
27.7329101562
27.3813476562
28.4350585938
28.7619628906
28.0368652344
27.2958984375
28.0678710938
29.1359863281
32.7351074219
27.6188964844
27.5969238281
27.7399902344
27.4130859375
28.0251464844
27.6579589844
42.2521972656
28.0349121094
27.2551269531
27.4421386719
27.5300292969
28.4528808594
30.3889160156
38.1721191406
27.4250488281
27.1848144531
27.6137695312
28.4240722656
27.3269042969
27.4460449219
30.7268066406
31.1374511719
38.8020019531
28.3161621094
28.1101074219
39.6887207031
27.2670898438
27.326171875
27.8840332031
27.6149902344
32.3327636719
31.7409667969
31.8559570312
31.9399414062
31.8310546875
31.9890136719
33.1960449219
34.7331542969
32.6801757812
39.4389648438
32.2028808594
34.6770019531
32.2739257812
31.6669921875
32.494140625
32.0
32.8669433594
31.9560546875
31.8369140625
32.3273925781
34.4660644531
32.2080078125
33.2739257812
32.1748046875
32.0368652344
33.5129394531
32.1079101562
32.6379394531
38.0388183594
37.4592285156
32.9719238281
42.0607910156
28.6049804688
27.2893066406
27.2209472656
27.3439941406
31.3212890625
31.5939941406
27.1740722656
27.1689453125
27.2648925781
27.7048339844
27.0769042969
27.3120117188
26.87890625
27.8540039062
28.5588378906
36.576171875
27.6547851562
27.0769042969
27.30078125
27.2551269531
27.1999511719
28.3132324219
28.1831054688
32.6188964844
30.9802246094
30.7189941406
32.6000976562
30.4938964844
29.0581054688
30.9689941406
27.4267578125
27.0100097656
26.9780273438
27.7419433594
27.2268066406
27.2651367188
27.583984375
29.2941894531
27.4091796875
28.0910644531
28.5368652344
27.29296875
27.6252441406
30.0168457031
27.541015625
27.2390136719
28.8679199219
31.9792480469
30.201171875
26.8869628906
27.3110351562
27.2131347656
27.1018066406
26.6567382812
27.0021972656
27.5061035156
27.7348632812
28.8127441406
27.7080078125
27.1049804688
27.1171875
27.0590820312
29.0170898438
28.7351074219
27.5668945312
28.1491699219
27.0859375
26.9538574219
26.626953125
26.9418945312
27.3908691406
32.3518066406
31.1091308594
30.3740234375
31.2846679688
31.0891113281
29.1550292969
30.4030761719
26.830078125
26.9389648438
26.8181152344
27.5451660156
30.4528808594
30.4731445312
30.673828125
30.0261230469
30.6137695312
31.0339355469
29.3518066406
26.5461425781
26.9040527344
26.7531738281
27.2421875
26.9221191406
26.6318359375
26.6750488281
34.8039550781
26.6850585938
26.66015625
28.3840332031
26.6120605469
26.8188476562
26.6467285156
26.7138671875
28.1701660156
28.1569824219
27.6479492188
37.2211914062
26.69140625
26.6411132812
28.3791503906
27.1911621094
26.9719238281
27.5659179688
26.87890625
27.0939941406
26.6381835938
26.9609375
26.6850585938
27.0949707031
26.6672363281
29.2602539062
26.6267089844
29.9899902344
28.0280761719
27.9221191406
30.2729492188
27.1950683594
26.82421875
28.5388183594
28.9650878906
39.9418945312
32.6789550781
30.330078125
26.5969238281
30.1811523438
30.376953125
29.5520019531
26.5869140625
27.5031738281
30.83984375
31.0798339844
28.5119628906
26.7639160156
26.4360351562
26.9489746094
27.2646484375
29.3488769531
26.998046875
31.8979492188
39.2561035156
28.1669921875
28.3420410156
33.2160644531
26.79296875
26.7893066406
26.4870605469
26.6569824219
26.4460449219
27.8120117188
26.6599121094
27.4169921875
27.1848144531
30.4350585938
26.8129882812
30.8168945312
30.5148925781
27.6049804688
34.3071289062
26.7619628906
26.7868652344
26.7922363281
26.4921875
26.6591796875
26.697265625
29.6311035156
27.5268554688
27.2119140625
27.0087890625
27.1169433594
29.6721191406
27.251953125
26.9860839844
27.0590820312
27.2939453125
26.9038085938
28.1088867188
27.7651367188
33.4790039062
26.9929199219
26.6088867188
26.9729003906
27.2109375
27.9038085938
27.3098144531
27.3210449219
27.7590332031
26.6879882812
26.7858886719
26.6037597656
27.1640625
26.8527832031
26.9509277344
26.66796875
27.1179199219
27.8356933594
27.2719726562
26.8188476562
28.4399414062
27.2529296875
26.5229492188
26.7678222656
27.8098144531
28.955078125
27.408203125
33.2761230469
30.0930175781
32.3400878906
34.998046875
35.4499511719
26.8981933594
26.7399902344
26.595703125
26.8989257812
26.7490234375
27.126953125
27.2419433594
27.1848144531
27.2111816406
27.2978515625
26.9289550781
27.4440917969
27.0051269531
26.953125
27.6450195312
28.0419921875
31.6140136719
28.0139160156
37.8879394531
34.5766601562
27.0368652344
27.0368652344
28.1560058594
26.7998046875
27.5510253906
26.7229003906
28.7209472656
26.9150390625
26.6379394531
26.7358398438
26.9990234375
26.9750976562
26.6408691406
26.9370117188
26.826171875
27.3349609375
27.3010253906
35.4079589844
26.8239746094
26.7429199219
27.0107421875
28.6259765625
27.5258789062
27.0668945312
29.6110839844
26.9208984375
26.9108886719
27.6049804688
26.79296875
26.7919921875
27.0249023438
27.00390625
26.8049316406
27.5197753906
35.4609375
