328.494873047
325.010986328
336.447753906
376.052001953
361.848876953
356.471923828
319.312988281
317.883056641
340.619140625
337.596923828
357.911865234
312.975097656
324.737792969
330.285888672
336.594970703
345.645996094
320.964111328
339.288085938
348.210205078
319.447021484
342.234863281
344.516845703
353.543212891
314.342773438
338.162109375
357.073974609
317.049072266
339.787109375
355.128173828
317.436767578
350.229003906
349.817871094
319.321777344
337.117919922
359.402832031
315.557128906
339.573974609
361.245117188
327.375976562
340.430908203
353.864990234
325.823974609
339.848144531
338.458251953
343.764160156
318.272949219
338.693847656
341.122802734
340.264892578
323.766113281
355.421142578
355.050048828
326.258789062
337.657958984
352.427001953
323.452880859
332.641113281
350.265136719
338.509033203
336.881103516
338.366943359
360.626953125
319.252929688
337.704101562
369.403076172
316.623779297
339.719970703
359.109130859
318.367919922
347.639892578
344.697998047
316.854003906
339.685058594
336.677001953
358.840087891
318.796142578
342.238037109
360.475097656
320.356933594
343.138916016
353.59375
319.551025391
343.907226562
341.779052734
337.093017578
327.540283203
353.486816406
320.684082031
333.374023438
351.989990234
322.698730469
332.929931641
345.356201172
337.807128906
331.499267578
358.689697266
313.814697266
340.611816406
370.144042969
318.516113281
339.441162109
355.663085938
329.399902344
333.797119141
363.600097656
321.414794922
330.737304688
348.666992188
325.561035156
320.380126953
342.129882812
341.615966797
317.2890625
342.930175781
354.260009766
323.023925781
352.642822266
335.586914062
324.145996094
354.823974609
343.296875
324.758056641
345.668212891
326.697753906
328.649902344
349.047851562
337.15625
330.432128906
349.001220703
320.281982422
336.211914062
358.544921875
315.286865234
341.885253906
366.893798828
320.448974609
344.205322266
357.478027344
323.246826172
335.766113281
346.933837891
332.235107422
333.607421875
354.757080078
324.450927734
334.842041016
354.900146484
335.669921875
316.181152344
339.906982422
353.78515625
322.343994141
336.935791016
347.209960938
315.650878906
338.280029297
337.786865234
343.636962891
318.169189453
338.173828125
353.681152344
317.479980469
340.034912109
339.237792969
356.079833984
320.605957031
340.704833984
352.304931641
323.734863281
325.979980469
355.354736328
325.580810547
334.022949219
359.364013672
319.896972656
340.368164062
354.692871094
314.985107422
339.939208984
348.572021484
330.817138672
333.844970703
340.946289062
337.969970703
318.296875
337.187011719
339.416259766
339.28515625
325.586181641
344.930908203
357.530029297
315.005126953
336.268798828
358.444824219
317.088867188
342.984130859
351.698242188
335.118164062
323.954101562
344.954101562
348.258056641
328.8359375
348.708984375
323.277099609
331.136962891
349.697021484
321.313964844
331.479980469
336.441894531
352.513916016
321.012939453
342.104003906
354.475830078
317.109863281
343.722167969
345.989990234
321.459228516
335.772949219
355.05078125
324.734130859
335.655273438
362.531005859
321.937255859
341.427734375
350.228027344
331.029052734
331.096923828
339.2578125
342.708007812
318.273193359
339.573974609
346.262939453
350.879150391
328.778076172
345.493164062
332.928710938
326.958984375
364.129882812
315.717041016
340.025146484
358.859863281
316.234863281
337.442871094
336.547851562
364.189208984
311.571289062
339.768066406
340.224121094
334.853027344
326.508056641
341.657958984
343.903808594
313.299072266
349.555908203
345.778076172
318.436279297
339.433105469
357.040039062
317.479003906
341.377929688
359.538085938
317.747070312
340.512939453
338.067871094
366.961914062
314.886962891
341.866943359
353.575927734
348.962890625
334.836914062
364.979980469
324.170166016
340.752685547
360.997802734
320.251953125
347.560058594
346.147949219
321.257080078
343.073730469
346.438232422
320.585205078
345.339111328
358.909912109
314.535888672
340.998046875
356.842041016
318.807861328
339.726806641
361.454101562
312.356201172
345.052001953
356.860839844
319.070800781
339.359863281
352.175048828
331.045898438
328.748046875
354.562011719
325.508056641
339.563964844
341.645019531
350.574951172
313.106933594
337.553955078
338.589111328
338.086181641
320.497070312
338.124023438
338.469970703
339.00390625
312.556884766
339.184814453
340.623046875
334.921630859
325.012939453
360.116943359
332.125732422
317.620117188
336.963134766
361.472900391
314.619140625
342.947998047
362.470214844
318.169189453
339.845214844
340.213134766
341.814941406
321.486083984
339.409912109
355.437011719
322.220947266
340.813964844
369.323974609
316.787109375
344.734130859
355.159912109
320.632080078
345.139160156
351.104980469
319.041015625
334.204101562
364.572021484
313.347900391
345.304931641
360.147949219
319.714111328
358.613037109
346.659912109
324.551757812
341.504882812
360.092773438
321.693847656
350.599853516
342.117919922
321.502929688
337.909912109
360.361083984
311.785888672
339.120849609
358.057861328
313.013916016
340.067871094
362.4296875
319.171142578
343.102294922
354.394042969
319.861083984
341.330078125
366.602050781
318.072998047
348.381103516
342.995849609
351.829101562
324.502197266
340.62890625
349.139160156
314.33203125
343.658935547
337.468994141
347.321044922
321.480957031
336.138916016
370.939208984
315.916992188
341.12890625
356.872070312
328.809082031
342.047851562
354.195068359
314.748046875
342.433837891
336.129150391
355.686767578
325.334960938
348.982910156
328.407226562
333.837890625
360.097900391
336.072753906
337.948974609
368.424804688
322.121826172
336.281982422
351.423095703
320.78515625
339.406982422
337.546142578
343.0859375
315.229003906
337.001953125
355.365966797
331.392089844
329.640136719
354.780029297
322.970947266
332.338867188
370.922119141
314.009033203
343.287109375
362.175048828
320.475097656
343.364013672
355.298095703
322.229003906
331.749023438
356.076904297
318.165283203
340.558105469
357.309082031
318.835205078
340.974853516
355.312988281
317.673095703
339.832763672
353.388916016
311.858886719
336.356933594
343.973876953
353.183837891
321.268066406
341.400146484
342.954833984
320.748046875
336.528076172
357.239990234
316.29296875
338.940185547
346.362060547
337.273193359
325.236083984
340.501953125
345.538818359
317.427978516
342.350097656
354.655029297
315.615234375
340.321044922
357.742919922
318.718017578
339.625
358.519042969
318.591308594
340.264160156
363.968994141
316.966064453
339.748046875
357.611328125
319.277832031
341.469238281
357.005126953
311.163818359
342.573974609
354.880126953
333.268310547
343.592041016
354.898925781
319.791992188
341.273193359
360.370117188
314.682861328
340.608886719
338.497070312
347.663085938
318.252685547
361.226074219
328.837158203
337.223876953
364.056152344
320.239013672
341.813964844
352.448974609
321.074951172
333.508056641
363.522949219
315.833007812
340.864013672
358.790771484
316.367675781
342.430908203
356.523925781
313.530273438
339.852050781
355.492919922
313.054199219
342.192871094
342.438720703
335.370117188
323.750976562
334.834960938
350.614013672
317.677978516
348.838134766
359.0859375
317.718017578
338.885009766
340.565917969
341.781005859
318.201904297
341.400146484
355.771972656
333.604248047
329.485839844
347.909912109
327.000732422
330.390136719
369.135009766
313.893066406
341.401123047
368.302734375
316.562988281
342.099853516
358.365966797
313.078857422
335.987060547
336.095703125
362.544921875
314.958007812
342.517822266
359.338867188
317.543945312
340.605957031
361.658935547
321.775146484
338.925048828
365.006103516
317.896728516
340.917236328
361.579101562
313.91796875
342.114990234
361.874023438
316.400878906
343.829833984
347.427978516
342.580810547
326.390869141
336.980224609
353.152099609
322.645019531
328.75
361.055908203
335.382080078
331.939941406
336.930908203
342.910888672
321.688964844
344.749023438
342.439941406
317.519042969
339.056884766
354.315917969
317.420166016
340.032958984
349.514160156
335.681884766
331.816894531
351.554199219
323.759765625
333.493164062
361.833007812
319.514892578
343.874023438
363.479248047
315.380126953
338.402099609
353.556884766
319.969238281
340.662109375
344.625976562
342.447021484
325.154052734
351.540039062
353.941894531
327.800048828
355.635986328
336.240966797
326.880859375
365.556152344
330.374023438
340.961914062
360.933105469
316.530029297
341.491943359
366.172851562
312.133300781
344.700195312
360.599121094
318.153808594
342.415039062
360.272949219
319.030273438
340.068115234
361.744873047
317.356201172
339.430908203
353.389892578
314.961914062
340.750976562
358.727050781
318.237060547
341.511962891
350.71484375
322.537841797
341.083007812
354.720214844
329.676757812
342.607910156
353.063232422
339.625976562
330.574951172
339.470947266
363.625
311.531005859
340.848144531
355.628173828
318.028076172
342.559814453
338.977050781
335.293945312
320.488037109
338.400878906
343.756347656
325.366943359
333.9140625
363.482910156
315.697753906
339.185058594
358.186035156
315.298095703
332.784179688
370.874267578
317.930175781
342.019042969
352.968017578
324.448242188
335.00390625
339.213867188
351.243896484
317.953125
337.862060547
342.864990234
353.680908203
328.988037109
339.724853516
355.273193359
315.993896484
341.885986328
363.776123047
316.809082031
337.998779297
354.578125
318.708984375
350.097167969
402.818847656
372.364013672
336.208007812
337.091064453
323.96484375
356.838134766
332.021972656
327.989990234
335.159912109
354.892822266
319.0703125
337.463134766
337.504150391
355.841796875
315.104980469
344.002197266
350.883056641
312.552001953
343.239990234
355.394042969
312.378173828
343.244873047
365.798095703
314.968261719
341.080078125
338.197753906
345.736083984
317.765136719
354.78515625
338.584960938
326.044189453
345.671875
341.778076172
331.953125
348.260986328
323.909179688
329.5
337.286132812
358.294921875
319.081787109
338.747802734
354.752929688
313.420898438
342.337158203
357.342041016
316.130859375
340.775878906
355.308837891
317.608154297
343.471923828
356.633056641
318.781005859
337.915039062
341.497802734
334.829589844
322.753173828
353.708984375
342.998046875
320.751220703
349.575927734
338.681884766
322.887939453
356.152099609
338.010986328
323.631103516
348.590087891
337.630859375
319.592041016
341.772216797
358.973876953
318.246337891
341.605224609
354.888916016
321.569824219
342.785888672
358.267822266
320.037109375
341.122070312
358.715087891
322.934082031
342.510009766
354.700927734
313.374267578
341.234863281
359.098876953
313.65625
341.499023438
349.821044922
313.631103516
334.885986328
344.059814453
329.311035156
328.447021484
336.102050781
347.797851562
317.197021484
335.833251953
342.875
338.326904297
320.747070312
341.162109375
360.414794922
314.218994141
341.394287109
359.964111328
316.112060547
338.057128906
355.323974609
320.509765625
340.281982422
351.00390625
317.418212891
340.677246094
364.720947266
319.924072266
340.599853516
358.491943359
314.017822266
341.674072266
339.74609375
353.177978516
315.653076172
344.444824219
358.465087891
319.098876953
341.580810547
355.338134766
319.388916016
345.898925781
356.209960938
319.468994141
340.522949219
352.053222656
323.045898438
334.279052734
335.737792969
344.828857422
317.039794922
337.192871094
369.828125
320.290039062
341.50390625
338.716796875
350.022949219
315.668945312
344.0859375
363.708007812
314.143066406
340.713867188
358.466064453
315.627197266
337.788085938
352.027099609
331.561035156
375.471191406
364.849121094
315.159912109
341.83203125
372.091064453
317.458740234
342.595947266
366.361083984
311.531982422
337.619873047
367.604003906
331.321777344
387.458984375
375.173828125
313.984130859
344.293212891
368.876220703
316.447021484
351.044189453
363.552001953
317.201904297
338.459960938
363.623046875
323.815185547
340.376953125
365.24609375
320.132080078
339.170166016
352.671875
340.418212891
318.569824219
355.088867188
324.455078125
321.277832031
337.931884766
360.041992188
315.068847656
342.380126953
348.804931641
314.311035156
338.900878906
362.572998047
319.465820312
341.760009766
362.558349609
313.704101562
356.395019531
342.583251953
319.674072266
335.645751953
346.067871094
331.04296875
330.276855469
367.027099609
318.818847656
337.647949219
341.904052734
336.188232422
323.705078125
336.823974609
347.138916016
316.924804688
342.12890625
342.220947266
333.266845703
316.643066406
346.400878906
310.943847656
325.672851562
329.256103516
340.272216797
343.829833984
330.1640625
346.641845703
340.790771484
318.731201172
341.253173828
356.972167969
315.978271484
339.780029297
369.295166016
317.151855469
341.125244141
359.078125
314.560791016
347.058105469
366.051025391
314.626220703
341.087158203
372.223876953
316.319824219
342.905273438
356.900146484
319.143066406
337.99609375
356.411865234
313.901855469
340.834228516
355.674804688
319.071044922
340.998046875
312.975097656
344.265869141
319.527832031
340.734130859
361.802978516
320.751953125
340.344970703
338.188964844
347.282958984
316.899902344
340.353027344
359.998046875
314.312011719
343.406005859
354.065917969
316.622070312
339.900878906
354.862792969
320.355957031
343.290039062
362.359863281
317.775878906
341.712890625
353.095947266
318.270019531
334.160888672
358.66015625
315.360107422
364.661132812
341.114990234
326.729980469
357.516601562
338.598876953
327.895263672
347.297119141
332.343994141
326.312988281
345.571777344
326.481689453
326.900146484
364.012939453
312.392089844
339.762939453
365.472167969
317.625976562
340.669677734
358.765136719
323.709960938
340.233642578
349.095214844
322.869140625
334.373046875
349.852050781
315.165039062
342.5078125
355.7578125
316.456298828
341.052001953
367.570800781
317.760986328
339.158935547
357.451904297
320.287353516
339.986083984
355.906005859
316.058837891
338.907958984
357.797119141
318.521972656
342.590087891
357.449951172
310.636962891
