96.4191894531
80.5659179688
118.199951172
53.0180664062
68.5241699219
54.6401367188
63.6328125
155.721191406
78.2849121094
72.4318847656
53.3559570312
134.519042969
146.5
65.3061523438
73.2099609375
58.947265625
60.9299316406
66.9501953125
65.6220703125
68.4150390625
66.6240234375
77.1979980469
56.6938476562
54.1821289062
138.892089844
68.4150390625
77.1059570312
53.9731445312
57.1701660156
77.9797363281
73.5590820312
55.4370117188
65.9916992188
136.551269531
73.0361328125
54.3217773438
54.6867675781
65.6940917969
85.0549316406
71.576171875
56.3459472656
68.3469238281
69.2529296875
68.9389648438
72.2229003906
52.9841308594
61.4692382812
64.9890136719
67.8491210938
69.2939453125
71.4851074219
54.1369628906
59.916015625
73.8872070312
72.2365722656
55.8598632812
62.7302246094
75.3898925781
67.4987792969
55.115234375
60.5407714844
66.5617675781
65.3100585938
69.7150878906
54.3310546875
55.9968261719
67.1569824219
69.6901855469
67.9560546875
53.0671386719
58.9990234375
74.8979492188
75.8811035156
55.8188476562
66.4819335938
65.7319335938
73.0012207031
53.3020019531
60.8527832031
65.9909667969
65.7939453125
75.1848144531
62.0109863281
55.0029296875
68.0539550781
71.4599609375
69.1579589844
54.365234375
60.7678222656
79.1970214844
70.5830078125
56.0649414062
65.009765625
79.1599121094
66.5268554688
53.4250488281
63.8110351562
68.7370605469
71.9270019531
54.3967285156
56.8122558594
68.044921875
76.1059570312
74.9968261719
55.328125
67.3488769531
74.875
70.9873046875
56.7692871094
61.3591308594
74.4208984375
67.9860839844
55.1359863281
60.1149902344
75.5319824219
76.5380859375
62.6030273438
52.8017578125
64.875
73.8430175781
75.8671875
60.4291992188
61.7770996094
64.7758789062
71.130859375
58.5393066406
60.419921875
65.7751464844
67.2990722656
69.875
72.3239746094
54.6970214844
63.2021484375
76.7387695312
68.8291015625
54.09375
63.2990722656
67.671875
76.8959960938
56.2822265625
57.5241699219
65.8000488281
65.6589355469
78.6149902344
63.4702148438
53.5068359375
67.3129882812
65.7248535156
71.8051757812
52.6030273438
59.5869140625
66.5197753906
64.5571289062
69.953125
72.2761230469
53.4780273438
61.1059570312
74.2199707031
73.5070800781
57.9360351562
61.7958984375
76.5759277344
72.0041503906
54.7199707031
58.9499511719
75.1533203125
71.3518066406
54.5759277344
61.1118164062
66.123046875
66.658203125
74.5083007812
61.2927246094
55.4731445312
65.8410644531
70.1020507812
73.291015625
54.6970214844
60.5478515625
74.3327636719
71.8920898438
57.7099609375
57.5639648438
69.4079589844
77.0339355469
56.7490234375
60.9460449219
70.8310546875
76.5422363281
56.0310058594
54.7751464844
78.0629882812
69.7990722656
53.5158691406
58.5817871094
78.5258789062
70.1970214844
56.341796875
60.7700195312
65.4248046875
72.2170410156
55.9338378906
55.1228027344
66.4829101562
64.8828125
72.6572265625
56.9418945312
61.7702636719
75.2980957031
70.2067871094
59.8190917969
63.3330078125
70.5881347656
66.2309570312
71.8498535156
53.5322265625
61.4782714844
74.9689941406
87.3439941406
72.1149902344
63.7470703125
53.9660644531
61.7590332031
80.3361816406
83.5368652344
54.5229492188
57.8181152344
71.0991210938
78.3620605469
57.5122070312
58.5100097656
68.8059082031
79.9270019531
56.8520507812
57.126953125
67.0581054688
65.0329589844
71.578125
67.4677734375
54.9040527344
59.8400878906
65.2229003906
72.9438476562
56.5891113281
55.8579101562
65.6787109375
66.6840820312
74.8930664062
65.1018066406
53.4938964844
63.0832519531
69.9091796875
72.0192871094
57.4509277344
60.3859863281
74.4482421875
78.30859375
60.6147460938
55.0603027344
70.4501953125
65.4008789062
71.9409179688
56.2780761719
62.0598144531
67.880859375
66.2551269531
72.9599609375
70.2199707031
56.9108886719
59.7583007812
77.4919433594
72.1760253906
58.6101074219
68.83203125
70.5520019531
71.6472167969
53.1010742188
62.4340820312
74.6889648438
76.5830078125
67.1989746094
55.6691894531
66.6188964844
70.203125
72.4267578125
53.5651855469
60.6650390625
75.4147949219
68.5009765625
57.5749511719
60.4609375
75.5427246094
72.6511230469
53.8671875
60.4978027344
74.1960449219
70.5791015625
52.9448242188
61.8488769531
76.6110839844
72.2648925781
55.072265625
59.7229003906
68.2541503906
68.6440429688
75.4069824219
55.3110351562
56.6489257812
67.2221679688
77.4638671875
63.6081542969
63.9997558594
82.2719726562
71.2512207031
55.7990722656
65.4309082031
64.8701171875
70.427734375
55.0649414062
61.8469238281
66.6879882812
67.7927246094
56.703125
58.1569824219
65.8891601562
65.5681152344
73.6042480469
54.9958496094
54.072265625
65.0190429688
74.3090820312
52.5710449219
60.1049804688
65.8181152344
64.95703125
66.4860839844
55.4060058594
63.5598144531
80.2180175781
75.3549804688
54.5888671875
61.0319824219
65.2141113281
81.5119628906
54.2270507812
55.130859375
64.1889648438
70.3420410156
73.3540039062
54.3520507812
58.3918457031
69.20703125
67.5969238281
69.8208007812
57.4641113281
58.2749023438
65.7160644531
70.5981445312
57.4321289062
57.1279296875
66.5900878906
64.9951171875
70.1970214844
71.0517578125
58.5620117188
59.8569335938
77.787109375
68.6928710938
58.2360839844
57.4650878906
67.1159667969
66.7170410156
71.6076660156
70.6750488281
56.3107910156
63.1740722656
75.9758300781
69.2998046875
54.8657226562
63.2739257812
64.7700195312
78.1901855469
55.9089355469
55.6977539062
66.0021972656
68.3310546875
70.8659667969
55.0849609375
55.8391113281
71.3110351562
79.6379394531
59.5090332031
55.3708496094
64.8107910156
68.4709472656
67.0568847656
71.998046875
56.9580078125
57.2021484375
75.4248046875
73.7390136719
55.1459960938
70.2790527344
68.3989257812
75.1330566406
56.1311035156
54.1301269531
69.1579589844
80.6440429688
57.2468261719
61.9719238281
65.869140625
66.1000976562
69.9887695312
55.8928222656
63.3110351562
70.5551757812
77.7607421875
71.7250976562
56.8518066406
61.8581542969
75.3422851562
73.9260253906
55.2888183594
60.4140625
66.1672363281
66.4243164062
71.3020019531
72.12109375
54.9309082031
59.826171875
66.3862304688
66.0961914062
72.255859375
54.6240234375
71.2680664062
76.3312988281
79.1960449219
54.8779296875
69.294921875
67.5480957031
72.9777832031
61.6049804688
55.4936523438
60.1831054688
65.5620117188
69.0268554688
85.8469238281
54.9990234375
62.0581054688
74.5639648438
71.8942871094
58.3090820312
57.0900878906
67.0900878906
66.2509765625
72.6201171875
53.2841796875
60.2358398438
69.5649414062
83.2932128906
56.5458984375
62.162109375
75.8298339844
70.2077636719
55.7219238281
60.4533691406
69.4890136719
75.4780273438
60.4348144531
56.5810546875
68.4658203125
68.4719238281
75.5810546875
59.5400390625
60.873046875
70.7890625
83.4621582031
58.0170898438
65.3989257812
64.6501464844
72.6989746094
69.7309570312
57.2658691406
68.1428222656
71.7619628906
78.9211425781
58.8427734375
53.3020019531
66.8679199219
67.5717773438
78.3498535156
55.8879394531
61.7358398438
75.2409667969
74.5231933594
59.4047851562
60.1000976562
77.87109375
74.291015625
56.5642089844
63.0310058594
79.4851074219
72.8190917969
53.8220214844
66.8798828125
64.0832519531
83.2199707031
69.373046875
59.5
68.2670898438
71.9548339844
56.9360351562
56.9079589844
78.0688476562
69.9938964844
56.3249511719
63.2028808594
66.7468261719
67.9641113281
71.7641601562
62.462890625
54.7380371094
67.4938964844
70.9699707031
70.3540039062
55.9880371094
65.4099121094
68.2680664062
71.21875
53.2338867188
62.0520019531
66.8430175781
66.2861328125
70.5261230469
69.90234375
55.4348144531
59.6848144531
75.9389648438
73.6198730469
55.3471679688
68.4262695312
70.33203125
69.1408691406
54.7570800781
62.2690429688
65.8461914062
88.966796875
55.7211914062
62.4868164062
66.0249023438
65.9389648438
73.7919921875
71.5981445312
55.0891113281
64.4140625
70.5517578125
76.0048828125
56.2099609375
58.5070800781
74.5397949219
71.2407226562
60.1689453125
63.833984375
66.3828125
81.0671386719
55.0881347656
57.3139648438
64.4841308594
70.6550292969
60.3498535156
55.8488769531
67.7890625
73.0061035156
53.8669433594
57.2509765625
69.0400390625
65.595703125
70.1589355469
53.8129882812
58.7570800781
74.2690429688
71.2358398438
55.7700195312
63.7602539062
65.0009765625
84.3608398438
61.236328125
59.3618164062
65.1628417969
69.8891601562
76.0620117188
57.70703125
60.9541015625
65.6999511719
72.3420410156
68.3217773438
55.2668457031
64.4370117188
64.8547363281
72.7639160156
69.6108398438
55.6459960938
61.4360351562
65.6201171875
71.0578613281
56.1787109375
62.6489257812
75.5258789062
74.1142578125
55.9389648438
60.8159179688
71.4509277344
66.125
69.9970703125
55.248046875
58.9421386719
64.8911132812
90.9602050781
54.5568847656
62.0751953125
81.4189453125
67.8957519531
57.384765625
65.5200195312
64.6557617188
71.9169921875
52.1379394531
69.2651367188
69.1430664062
70.6669921875
54.953125
59.3442382812
64.7099609375
78.1240234375
58.8100585938
54.5590820312
69.5891113281
66.6779785156
79.4699707031
58.1569824219
61.6171875
75.125
86.1867675781
55.7629394531
59.4670410156
75.66015625
70.0590820312
54.4997558594
56.662109375
66.5949707031
68.2509765625
70.8708496094
75.2709960938
53.9938964844
66.662109375
84.494140625
69.5009765625
54.6948242188
64.9309082031
68.4260253906
74.1989746094
55.8342285156
59.6420898438
62.5283203125
66.5268554688
74.2932128906
57.1123046875
57.0151367188
64.921875
66.2990722656
67.5480957031
69.8129882812
54.1130371094
61.6750488281
65.9111328125
78.6020507812
59.697265625
56.7141113281
67.5590820312
67.4020996094
79.4357910156
56.6740722656
60.6540527344
66.0378417969
66.1010742188
65.9711914062
69.658203125
54.169921875
56.7309570312
78.4191894531
71.9458007812
54.7768554688
59.2717285156
64.9641113281
73.080078125
63.8562011719
56.2080078125
65.4008789062
76.3449707031
69.0300292969
54.3601074219
59.1879882812
75.0688476562
75.705078125
53.7939453125
64.3239746094
65.0620117188
79.5061035156
66.6110839844
53.2531738281
63.5871582031
64.4262695312
73.0080566406
60.9819335938
53.4470214844
69.0708007812
70.8872070312
71.8608398438
53.5141601562
57.4050292969
67.4580078125
71.6733398438
53.1921386719
58.3029785156
75.2849121094
71.8212890625
56.9130859375
63.9809570312
71.6970214844
70.7019042969
53.6967773438
58.7060546875
66.5959472656
67.8439941406
73.2609863281
64.7272949219
55.8559570312
64.5161132812
74.8637695312
70.3439941406
55.2849121094
59.8317871094
77.1840820312
82.6889648438
56.6840820312
57.5270996094
75.21875
88.2829589844
52.2668457031
62.2280273438
66.3298339844
68.7380371094
70.2170410156
52.8898925781
63.6657714844
68.7690429688
68.4228515625
71.1259765625
53.0009765625
55.1508789062
76.4118652344
72.2299804688
56.5529785156
60.5581054688
64.1318359375
90.0180664062
56.1101074219
55.8200683594
70.5180664062
68.6203613281
68.0297851562
53.5290527344
62.0439453125
76.7609863281
72.7900390625
52.3947753906
57.2109375
74.7668457031
76.0073242188
54.4938964844
53.9091796875
77.0810546875
69.751953125
52.9602050781
62.6809082031
70.3779296875
81.7192382812
52.0109863281
58.0070800781
64.1108398438
72.2709960938
63.7189941406
55.3210449219
62.9829101562
64.6520996094
72.3850097656
54.828125
56.5217285156
65.4760742188
69.1140136719
72.6511230469
55.7770996094
56.119140625
65.7338867188
65.3747558594
74.45703125
54.0939941406
58.1469726562
65.5620117188
65.0859375
67.8930664062
56.0432128906
55.3549804688
66.8308105469
66.0029296875
78.7192382812
66.1528320312
55.0827636719
65.7150878906
65.626953125
70.5949707031
54.8969726562
58.8220214844
76.0480957031
72.8359375
52.9560546875
56.5710449219
68.794921875
73.4790039062
55.462890625
55.5969238281
69.3388671875
66.0810546875
67.8029785156
69.4748535156
53.9379882812
64.1809082031
74.95703125
71.466796875
57.3850097656
63.8110351562
72.2360839844
72.7819824219
54.2709960938
61.9670410156
74.4321289062
91.9460449219
53.6662597656
63.2241210938
66.0346679688
77.03125
54.3540039062
60.9731445312
66.8820800781
67.6701660156
76.2319335938
72.5427246094
55.748046875
61.6188964844
66.9470214844
70.8110351562
56.4838867188
59.0971679688
69.7939453125
65.1650390625
68.0139160156
55.7001953125
58.4428710938
71.8740234375
72.255859375
60.6711425781
55.8759765625
65.3200683594
65.8271484375
67.7121582031
71.2531738281
54.9069824219
59.1477050781
65.0861816406
74.7780761719
56.1420898438
58.828125
65.6857910156
72.2082519531
78.75390625
54.6979980469
59.7419433594
70.6411132812
65.7087402344
70.5869140625
70.4392089844
57.2568359375
61.8520507812
65.1359863281
66.7180175781
72.3479003906
69.9270019531
54.2458496094
62.2570800781
79.1850585938
65.1450195312
54.0390625
64.6198730469
71.4670410156
69.7351074219
55.5029296875
60.8278808594
74.2890625
73.7719726562
54.8571777344
60.6079101562
74.6423339844
72.6411132812
52.8859863281
62.9748535156
64.2800292969
81.755859375
58.3310546875
60.9790039062
76.4333496094
67.7900390625
55.6921386719
62.8400878906
74.2380371094
72.5778808594
52.8549804688
57.9741210938
66.2299804688
66.0700683594
72.4421386719
70.8061523438
52.9118652344
61.8569335938
67.4619140625
74.0319824219
64.9311523438
62.8120117188
66.3359375
64.6533203125
71.8129882812
55.4326171875
57.0119628906
75.6677246094
70.8388671875
67.3520507812
53.0620117188
62.5432128906
65.2009277344
80.4411621094
67.0161132812
54.6430664062
69.2189941406
85.1162109375
55.6298828125
55.904296875
73.9221191406
74.1728515625
70.5808105469
68.1569824219
66.6647949219
76.7282714844
56.16015625
63.3588867188
64.3132324219
71.6137695312
59.3637695312
61.2150878906
70.9997558594
75.8901367188
72.6276855469
54.9057617188
64.7390136719
81.2438964844
68.9821777344
54.3161621094
60.7189941406
78.2800292969
70.1811523438
51.9069824219
61.4548339844
76.421875
75.6838378906
58.9790039062
63.9140625
68.4416503906
77.0368652344
56.1240234375
54.7580566406
66.1450195312
68.3779296875
71.3051757812
75.0739746094
56.0080566406
58.951171875
81.0729980469
68.2529296875
54.4260253906
64.4421386719
64.6779785156
