89.8039550781
92.177734375
92.6018066406
89.5681152344
101.081298828
90.3107910156
86.2163085938
71.8627929688
73.9528808594
71.1350097656
72.3071289062
74.2143554688
84.0048828125
79.7858886719
77.6408691406
81.0708007812
78.9829101562
82.1218261719
79.6411132812
84.0168457031
87.7009277344
76.4790039062
59.8981933594
60.705078125
60.3041992188
71.6489257812
71.9108886719
73.5500488281
72.5300292969
73.4270019531
73.1047363281
83.0310058594
73.4489746094
78.3190917969
71.6030273438
79.5349121094
71.5708007812
72.9089355469
72.1669921875
95.0239257812
73.0417480469
80.9150390625
73.2956542969
73.9780273438
71.9453125
73.5380859375
73.2702636719
81.4509277344
71.541015625
73.9372558594
83.3039550781
73.3977050781
73.7341308594
74.2072753906
72.79296875
71.9890136719
60.2351074219
59.9851074219
63.4709472656
60.8198242188
61.2573242188
61.7180175781
76.8210449219
62.2839355469
72.2839355469
71.787109375
77.1669921875
103.12109375
89.8039550781
89.2551269531
71.8288574219
71.4970703125
71.9089355469
72.0229492188
73.1962890625
89.6037597656
93.2038574219
74.9028320312
71.5407714844
72.4389648438
71.8090820312
71.9038085938
71.6398925781
71.9282226562
71.6999511719
71.5678710938
72.0036621094
71.4787597656
73.2241210938
67.3640136719
59.8071289062
61.1389160156
61.2260742188
60.291015625
67.1867675781
61.630859375
60.7299804688
60.0358886719
59.8798828125
60.8620605469
71.3237304688
60.6130371094
59.7209472656
68.7229003906
67.9699707031
61.6140136719
61.5859375
61.46875
62.7451171875
60.87890625
60.3391113281
62.328125
60.2609863281
60.744140625
59.8891601562
60.1916503906
60.5510253906
59.9409179688
60.0681152344
70.6809082031
60.2451171875
65.958984375
62.4929199219
60.1689453125
60.916015625
62.1818847656
61.0012207031
62.5100097656
68.7570800781
67.04296875
64.8908691406
65.1291503906
62.4582519531
64.9240722656
60.5190429688
60.1394042969
61.6970214844
58.3989257812
52.9560546875
52.5610351562
56.4428710938
51.9228515625
52.2790527344
51.6491699219
51.5158691406
51.5817871094
53.619140625
51.5710449219
51.537109375
51.541015625
62.953125
53.1789550781
52.3559570312
53.0239257812
52.0812988281
52.0329589844
48.8623046875
51.916015625
49.7880859375
49.9731445312
50.1889648438
52.5812988281
47.2858886719
49.1130371094
45.6809082031
52.5739746094
47.7697753906
47.1110839844
46.9250488281
46.3513183594
45.6879882812
45.3278808594
45.2529296875
47.791015625
45.3210449219
45.3569335938
45.3798828125
46.3811035156
45.4428710938
46.9760742188
46.7341308594
47.6328125
45.8129882812
45.6860351562
41.6479492188
45.7749023438
41.6030273438
45.8381347656
47.3820800781
41.2451171875
41.5849609375
42.1538085938
42.1479492188
42.5268554688
41.7937011719
41.71484375
42.5852050781
43.5932617188
41.962890625
42.2202148438
42.2648925781
41.6611328125
41.8420410156
42.6721191406
42.3032226562
41.4790039062
41.6689453125
41.5241699219
43.0688476562
41.3811035156
41.2429199219
42.2919921875
41.4877929688
41.1528320312
42.6850585938
42.2551269531
42.9990234375
43.3259277344
42.6909179688
43.1059570312
42.9331054688
41.8918457031
42.5620117188
41.7429199219
42.0698242188
43.2021484375
41.751953125
41.5461425781
41.6520996094
48.169921875
42.9379882812
43.3879394531
42.3549804688
43.2028808594
47.8520507812
47.1259765625
47.6870117188
46.8630371094
46.4409179688
46.9030761719
51.328125
52.7719726562
47.3400878906
47.8088378906
48.671875
48.248046875
46.826171875
46.8967285156
46.4899902344
47.5859375
47.9702148438
48.078125
46.5739746094
46.6088867188
46.58984375
46.4821777344
46.3779296875
47.7648925781
46.4853515625
46.5249023438
47.1557617188
46.4790039062
47.7199707031
47.458984375
47.3352050781
47.8962402344
47.9838867188
47.1311035156
47.2939453125
47.8818359375
47.7717285156
49.33984375
50.8020019531
52.9409179688
52.9448242188
53.1457519531
55.91015625
47.3930664062
46.908203125
48.169921875
49.2551269531
46.9248046875
47.9721679688
47.091796875
46.8039550781
47.3889160156
51.5480957031
51.833984375
50.3381347656
47.3530273438
50.7458496094
48.1918945312
46.9260253906
49.0278320312
50.1958007812
47.6018066406
46.6960449219
48.4528808594
46.9660644531
46.4060058594
47.4719238281
46.3361816406
47.0700683594
46.4741210938
46.2509765625
46.7338867188
46.6708984375
46.5329589844
48.0498046875
48.7429199219
47.1110839844
47.9792480469
47.2368164062
48.3989257812
46.8549804688
47.3220214844
47.0451660156
46.5690917969
46.4362792969
46.9138183594
47.4301757812
46.6730957031
46.7697753906
52.0949707031
46.9440917969
59.4848632812
50.4641113281
47.4118652344
46.3796386719
46.8562011719
46.8291015625
47.3149414062
46.5187988281
47.0070800781
43.3259277344
41.4501953125
41.3840332031
41.4670410156
41.248046875
41.3110351562
41.8110351562
41.5251464844
41.421875
42.3388671875
41.205078125
41.3959960938
42.9343261719
45.3210449219
42.275390625
42.9812011719
41.583984375
42.7839355469
41.412109375
41.7321777344
42.166015625
42.2119140625
42.3532714844
41.7548828125
41.3139648438
41.8132324219
41.4487304688
41.6010742188
41.8801269531
42.0927734375
41.5549316406
42.8251953125
43.2609863281
50.6520996094
43.123046875
41.9370117188
41.4079589844
41.9409179688
41.5512695312
45.0129394531
42.3920898438
41.6481933594
42.4069824219
41.1838378906
41.2722167969
41.3291015625
41.3947753906
41.3588867188
41.3359375
42.5146484375
41.9060058594
43.0532226562
42.3879394531
41.7421875
41.9809570312
41.8168945312
41.3757324219
41.6940917969
42.05078125
42.4970703125
41.5788574219
41.6118164062
41.9809570312
44.0659179688
41.6101074219
41.6369628906
41.4099121094
42.7319335938
41.873046875
44.4057617188
43.9702148438
42.8239746094
41.3952636719
41.6740722656
43.7241210938
41.2189941406
43.1159667969
43.6740722656
50.0070800781
41.4611816406
43.0930175781
41.7580566406
41.5852050781
41.5568847656
42.0778808594
41.6418457031
41.6218261719
42.0100097656
41.9299316406
43.4506835938
41.6267089844
41.4821777344
42.03515625
43.0671386719
42.037109375
53.0451660156
47.3078613281
46.0278320312
47.0388183594
46.2448730469
46.4270019531
47.6140136719
48.912109375
50.5759277344
47.4807128906
46.7229003906
47.5910644531
47.5339355469
48.4990234375
58.0830078125
46.4970703125
47.2021484375
46.5510253906
46.2038574219
46.4128417969
46.75390625
46.5642089844
46.5549316406
46.6579589844
47.7939453125
46.0197753906
48.6799316406
52.5859375
51.162109375
47.6462402344
48.0112304688
46.4768066406
46.6379394531
52.158203125
48.0981445312
47.5
47.6059570312
46.9287109375
52.8940429688
54.6340332031
53.2109375
54.4487304688
62.4689941406
63.62109375
57.4738769531
53.1228027344
53.2250976562
53.3259277344
53.998046875
54.4328613281
62.3000488281
53.9948730469
54.1372070312
53.1669921875
54.3120117188
57.4240722656
53.0610351562
53.0659179688
52.6958007812
53.4587402344
53.3430175781
52.6899414062
55.9660644531
53.9270019531
54.2680664062
55.2053222656
53.3491210938
53.4497070312
54.0969238281
58.3181152344
53.33984375
53.0998535156
62.2980957031
59.8510742188
59.1120605469
58.8491210938
59.91796875
60.7360839844
60.8269042969
60.208984375
53.875
55.1528320312
54.9970703125
52.9719238281
53.2619628906
54.1967773438
52.9753417969
54.6459960938
53.5681152344
53.3781738281
53.2468261719
53.0869140625
53.2380371094
52.9802246094
53.0959472656
53.205078125
53.8520507812
53.1101074219
54.6259765625
53.6169433594
56.0061035156
55.4450683594
52.9453125
52.6899414062
55.080078125
52.7790527344
52.8190917969
57.2919921875
58.66796875
54.1533203125
54.7180175781
55.2470703125
53.6340332031
53.1040039062
53.1440429688
52.7939453125
52.7429199219
56.7548828125
56.4609375
53.04296875
53.7827148438
53.0893554688
58.5349121094
53.0432128906
54.8989257812
53.9050292969
53.294921875
52.919921875
53.4011230469
54.6333007812
54.8139648438
54.8078613281
52.9240722656
53.1059570312
52.9660644531
53.6909179688
60.2919921875
53.6252441406
54.6071777344
53.6579589844
54.1379394531
56.3999023438
54.974609375
62.1591796875
57.1550292969
49.1240234375
46.7731933594
47.7351074219
47.544921875
47.1430664062
46.6420898438
47.5209960938
48.3911132812
46.5598144531
47.1557617188
46.6340332031
49.9880371094
49.3269042969
46.9118652344
46.837890625
46.41015625
42.6538085938
41.5798339844
42.4777832031
41.4299316406
42.4240722656
42.5888671875
41.7412109375
42.4072265625
41.7060546875
43.4440917969
46.6218261719
46.5048828125
48.6279296875
47.8840332031
46.6188964844
47.1960449219
48.076171875
53.4797363281
56.1030273438
46.8190917969
48.119140625
47.8002929688
50.4770507812
47.5710449219
49.6750488281
46.9577636719
47.8308105469
47.8041992188
48.0961914062
49.1630859375
46.3901367188
56.873046875
53.51171875
47.2470703125
48.6040039062
51.2238769531
49.6608886719
48.7111816406
46.9289550781
47.6599121094
47.6181640625
47.3879394531
47.6418457031
47.25
47.8400878906
58.2038574219
46.6059570312
47.6958007812
47.1379394531
46.58203125
46.3588867188
46.4047851562
48.3288574219
48.7880859375
47.4331054688
49.3049316406
46.4780273438
46.8049316406
47.208984375
47.0688476562
48.1918945312
46.6889648438
47.2009277344
46.1721191406
47.5048828125
47.373046875
46.8149414062
47.416015625
47.5180664062
48.091796875
48.0549316406
46.3728027344
46.4948730469
46.7241210938
47.033203125
64.9670410156
51.1359863281
52.623046875
52.3168945312
51.2961425781
46.8449707031
48.8391113281
46.1909179688
45.9921875
46.8540039062
45.5187988281
47.2087402344
47.501953125
45.9489746094
46.6469726562
47.4848632812
46.1159667969
46.0979003906
51.5607910156
44.3781738281
42.2329101562
44.5141601562
41.1320800781
41.1442871094
40.9682617188
40.8471679688
41.7619628906
40.8352050781
41.9140625
41.0578613281
40.5529785156
41.5329589844
40.8071289062
40.7170410156
40.7551269531
40.4677734375
41.3041992188
42.1022949219
41.1879882812
42.1198730469
47.8383789062
40.5209960938
43.5646972656
42.0419921875
46.1640625
46.5920410156
48.5871582031
49.8918457031
46.2150878906
49.5270996094
51.5046386719
51.0012207031
54.3559570312
51.578125
49.4499511719
46.2770996094
46.6569824219
45.6730957031
46.5690917969
54.6040039062
49.8071289062
51.2258300781
45.4111328125
45.9799804688
50.0302734375
46.3298339844
47.2019042969
46.6779785156
46.3649902344
45.1801757812
49.9816894531
52.546875
52.6469726562
57.2180175781
56.0258789062
55.8891601562
59.1901855469
62.3671875
61.1442871094
60.5339355469
60.0270996094
61.2001953125
60.5861816406
60.6611328125
74.5278320312
67.1608886719
60.009765625
60.8688964844
61.4750976562
65.2570800781
51.4982910156
51.8540039062
52.1630859375
52.5400390625
52.5419921875
51.9399414062
52.5109863281
53.2839355469
61.9899902344
52.3774414062
56.166015625
52.2221679688
52.8879394531
51.6818847656
54.8142089844
53.2612304688
52.7880859375
52.6171875
51.6398925781
56.8449707031
56.623046875
51.8759765625
51.3471679688
51.736328125
46.5681152344
45.2041015625
45.5549316406
45.2102050781
46.66796875
46.5129394531
46.0852050781
47.0280761719
45.4938964844
46.8508300781
46.3000488281
46.126953125
46.0400390625
45.955078125
46.4321289062
45.3269042969
45.9951171875
46.3188476562
45.9321289062
45.7351074219
45.6518554688
46.7309570312
46.5231933594
46.2060546875
45.2043457031
46.5139160156
49.2919921875
45.9741210938
48.037109375
47.3051757812
45.8200683594
45.92578125
45.7529296875
46.0888671875
47.0231933594
46.0349121094
46.0278320312
45.3591308594
58.0200195312
46.4506835938
47.2919921875
46.6130371094
46.9301757812
46.2280273438
45.4729003906
47.12109375
46.6579589844
45.4230957031
53.1467285156
45.6120605469
45.6020507812
45.2978515625
44.9877929688
46.130859375
46.1149902344
46.4497070312
47.8850097656
47.0991210938
46.6057128906
46.8159179688
46.1489257812
45.3420410156
47.6262207031
47.076171875
49.7829589844
45.1179199219
45.0803222656
40.4399414062
41.0998535156
41.416015625
40.4152832031
40.9599609375
41.0139160156
40.9431152344
42.1911621094
42.1682128906
41.9311523438
40.7529296875
41.0239257812
41.0617675781
40.8781738281
41.5061035156
40.8671875
40.7409667969
40.3881835938
42.0556640625
41.5688476562
40.5290527344
40.3430175781
41.5249023438
40.5219726562
40.62109375
42.2890625
41.7280273438
41.2900390625
44.2570800781
40.697265625
40.6401367188
42.1330566406
41.0068359375
40.7302246094
41.7731933594
47.3720703125
47.8610839844
41.8659667969
47.2150878906
40.8803710938
53.8452148438
41.1469726562
41.6589355469
47.3647460938
45.7009277344
45.5078125
46.8298339844
46.3078613281
47.1408691406
46.41015625
46.6457519531
52.1259765625
45.7299804688
50.2189941406
50.7348632812
46.5522460938
45.1350097656
46.5856933594
48.0791015625
47.4282226562
45.4909667969
45.708984375
45.7580566406
46.2678222656
45.6550292969
45.6188964844
47.5688476562
53.0009765625
52.296875
50.9140625
52.3933105469
46.8410644531
46.0700683594
49.4631347656
46.5949707031
46.1811523438
46.1059570312
45.9479980469
45.8349609375
48.0720214844
64.9489746094
51.3630371094
49.6809082031
58.0268554688
53.798828125
52.3232421875
51.7739257812
52.4680175781
66.3193359375
61.798828125
62.9450683594
60.333984375
60.4418945312
61.384765625
60.8081054688
60.9997558594
60.291015625
60.9418945312
59.3969726562
59.75390625
54.3920898438
58.0280761719
51.4741210938
49.1430664062
45.4970703125
45.5021972656
45.2507324219
45.6909179688
46.5412597656
48.4709472656
47.0258789062
53.5581054688
49.2648925781
45.7939453125
51.9499511719
46.8940429688
45.6618652344
45.9291992188
51.7280273438
55.8330078125
46.2160644531
56.0209960938
48.2631835938
47.0068359375
46.3920898438
51.8291015625
52.5109863281
52.1501464844
53.4860839844
51.2548828125
51.4699707031
52.2719726562
51.8679199219
51.755859375
51.5380859375
51.9309082031
51.8869628906
51.9968261719
52.08984375
52.0209960938
52.8630371094
52.5852050781
53.8569335938
54.5290527344
53.5236816406
53.0581054688
53.1149902344
52.6918945312
52.7087402344
54.2307128906
54.6000976562
52.5119628906
53.9621582031
52.4418945312
