643.360107422
690.595703125
652.559082031
614.324951172
657.120117188
649.179931641
626.239013672
676.340820312
632.000732422
677.645019531
635.338134766
692.28515625
633.451904297
656.676025391
649.398925781
633.356933594
666.268798828
639.137939453
694.034179688
633.831054688
675.99609375
649.720947266
663.205810547
632.806152344
671.386230469
623.462890625
660.609863281
648.008056641
644.494140625
654.918212891
643.064941406
655.577148438
636.2578125
659.451171875
637.454833984
658.014892578
643.127929688
664.471923828
657.596923828
653.49609375
635.111083984
657.939208984
644.000976562
656.616943359
644.352050781
657.16796875
643.218994141
658.981933594
641.155029297
658.800048828
652.654052734
656.191162109
640.120849609
656.013916016
653.594970703
650.986083984
638.416992188
657.931152344
653.429931641
658.752929688
640.654785156
660.409912109
641.651123047
660.049072266
643.849365234
653.055908203
644.165039062
662.718017578
638.55078125
658.7109375
643.074951172
660.125
632.6640625
661.307128906
631.910888672
684.260986328
636.799316406
658.321044922
658.49609375
638.627197266
659.679931641
633.127929688
670.955810547
636.347900391
664.685058594
649.464111328
660.369140625
651.161132812
648.157958984
656.775878906
640.233886719
660.068115234
635.836181641
660.701171875
637.993164062
653.734130859
639.819091797
656.982910156
639.559082031
657.5
644.416748047
653.58984375
646.774658203
656.365234375
631.448974609
663.616943359
643.968017578
659.241943359
631.075927734
668.915039062
629.086914062
669.822021484
645.025146484
658.135009766
654.604248047
650.615966797
652.110107422
654.281005859
657.124023438
647.482177734
655.295654297
646.959228516
682.723876953
640.006835938
667.512939453
639.683837891
654.623046875
657.375
639.142822266
658.031982422
644.308105469
656.234130859
638.819091797
654.903076172
644.170898438
660.927001953
634.783203125
655.299804688
649.717773438
652.019775391
629.886230469
653.485107422
650.520263672
656.392089844
637.555908203
644.143066406
643.817871094
659.290039062
652.727783203
659.356201172
655.931884766
659.477050781
673.822021484
692.213134766
695.389892578
690.755859375
694.338134766
695.166259766
682.848876953
701.770996094
681.518798828
692.833984375
665.847900391
663.9921875
630.509765625
652.412841797
664.797119141
680.466064453
665.948974609
720.693847656
651.766845703
660.450927734
638.667236328
661.71875
628.917236328
696.658935547
654.085205078
665.745849609
632.846923828
661.861083984
638.41796875
654.922851562
655.692871094
634.006835938
656.056884766
642.108154297
655.603027344
634.947021484
667.689941406
642.478759766
656.233154297
645.161865234
661.021972656
640.015625
662.120117188
631.318115234
656.587158203
637.156005859
655.514160156
647.958007812
657.135009766
640.152832031
658.762939453
633.354980469
660.051269531
638.142822266
657.860839844
649.283691406
654.383056641
642.396972656
661.265136719
645.409912109
656.864990234
630.493164062
657.387939453
647.223144531
655.773681641
654.196044922
662.652832031
645.979980469
658.526855469
646.080078125
658.925048828
641.111816406
655.506835938
637.245849609
658.579833984
629.905029297
662.540039062
631.847900391
660.932861328
654.285888672
641.072021484
656.559814453
632.560791016
661.835205078
627.723388672
654.977783203
643.149902344
657.516845703
635.279052734
660.606201172
641.546875
659.302001953
640.347900391
664.466064453
624.859863281
670.280761719
648.412841797
652.395019531
652.908203125
636.901123047
649.607910156
660.788818359
644.926025391
644.751953125
661.322021484
637.133056641
659.937988281
646.745117188
661.120117188
633.433105469
673.788085938
633.013916016
664.024169922
627.888183594
668.753173828
653.831787109
647.022949219
658.696044922
641.348144531
654.183105469
643.17578125
656.916992188
633.613037109
657.926757812
634.568359375
660.825927734
638.790039062
661.469970703
634.94921875
658.208984375
637.961181641
659.269287109
637.483154297
659.916015625
643.592041016
662.074707031
631.337158203
658.510742188
632.797851562
669.137207031
625.270996094
679.642822266
641.840087891
650.770996094
659.899902344
637.486083984
658.395996094
659.278808594
646.508056641
633.009765625
663.466064453
635.848144531
660.16796875
643.247070312
655.228759766
633.556640625
631.408935547
648.081298828
657.827148438
645.032714844
661.423095703
633.344238281
676.686035156
628.968017578
669.495117188
645.149902344
652.4921875
657.567138672
636.841064453
656.205078125
640.734863281
658.922851562
653.573974609
654.813232422
645.095214844
655.764892578
644.995361328
663.33203125
647.466064453
649.092041016
646.851074219
653.946044922
642.076904297
656.892822266
650.304931641
659.599853516
639.593994141
657.054199219
638.684082031
662.692871094
633.127197266
665.808105469
647.673828125
655.722167969
646.042236328
655.513916016
657.187988281
653.831787109
662.472900391
652.493164062
641.041015625
657.437744141
639.319824219
659.025878906
640.587890625
658.851074219
639.553955078
659.014892578
651.3359375
660.937988281
644.807128906
660.140869141
631.670898438
654.382080078
634.364013672
659.260009766
636.114746094
655.430175781
634.894775391
653.525878906
652.961914062
663.447021484
653.193847656
652.469970703
643.595703125
661.614013672
653.427001953
653.847167969
642.256835938
651.306884766
650.979003906
656.611083984
637.150146484
657.598876953
647.232177734
652.956054688
656.612060547
652.004150391
634.216064453
659.966064453
650.635009766
657.560302734
634.129150391
660.41015625
633.062988281
657.275878906
649.831054688
657.475830078
637.020019531
661.412841797
635.507324219
663.717041016
637.104980469
664.139892578
636.610839844
651.849853516
631.958007812
662.269775391
627.550048828
657.843994141
631.505126953
662.879150391
633.251953125
665.632080078
635.008300781
662.785888672
636.583251953
656.139648438
639.887939453
649.561767578
677.707763672
644.061767578
661.618164062
663.657958984
638.185058594
659.586181641
637.32421875
659.192138672
638.947021484
661.376953125
634.612060547
659.298828125
651.884033203
649.824951172
635.924072266
662.74609375
636.865966797
659.953125
632.931884766
658.084960938
636.291992188
661.342041016
634.373046875
667.954101562
630.343994141
655.252929688
636.939941406
656.941894531
640.544189453
664.752929688
656.688964844
656.768798828
638.212890625
655.136962891
639.041015625
660.229980469
642.141113281
650.42578125
663.034179688
649.713134766
656.272949219
647.147216797
642.862060547
661.804931641
633.270996094
661.211181641
659.326904297
655.623046875
639.177978516
658.604736328
638.081054688
660.221191406
629.181884766
648.566162109
649.331054688
656.497802734
635.631103516
661.565185547
638.972167969
652.026123047
635.427978516
648.070068359
634.828125
654.2421875
647.927978516
652.980957031
640.495849609
654.117675781
654.267089844
655.353027344
641.463867188
653.329833984
632.032958984
659.685302734
636.984863281
659.594970703
638.778076172
658.076904297
630.7109375
662.343017578
632.038085938
653.701171875
640.188964844
659.945068359
643.54296875
657.805908203
639.873779297
656.258056641
657.232177734
680.020019531
632.20703125
660.570068359
655.041015625
661.885009766
663.446777344
653.394287109
651.083984375
655.177734375
661.372802734
636.683105469
650.203125
660.580810547
635.54296875
660.061035156
639.750976562
659.502929688
632.741943359
658.41796875
655.022949219
655.793945312
635.264892578
681.175048828
632.774902344
659.784912109
650.107666016
636.718994141
661.023193359
641.942871094
657.534179688
660.811767578
646.583007812
662.869140625
650.5
641.129150391
655.512939453
644.711914062
649.716064453
645.8828125
657.623046875
633.784912109
653.531982422
648.545898438
657.531982422
643.907958984
659.139892578
637.518066406
673.298828125
639.457763672
661.087890625
644.743896484
659.472900391
631.937988281
660.346191406
636.054199219
660.841064453
637.943847656
673.083984375
630.770751953
654.322021484
647.855957031
628.826660156
652.156005859
639.489746094
657.588867188
651.170166016
656.237304688
633.568847656
659.103027344
644.455078125
657.733886719
636.464111328
670.620849609
631.048095703
669.795898438
635.524902344
679.084960938
634.143798828
662.148925781
657.201171875
640.837158203
656.350097656
637.470214844
659.194091797
638.872070312
658.186767578
647.311279297
657.147216797
640.089111328
657.366943359
659.228759766
653.656982422
641.743896484
658.716796875
646.901855469
656.845947266
641.216064453
661.324951172
636.413085938
657.880859375
632.8671875
656.508056641
644.212890625
661.550048828
642.281982422
654.554199219
638.467041016
664.131103516
641.445068359
663.097167969
661.255859375
655.505859375
652.480712891
654.855957031
646.704833984
655.991943359
646.156982422
659.144042969
635.429199219
662.171142578
649.899902344
657.305908203
636.986816406
654.431152344
641.968017578
664.404052734
630.048095703
658.391113281
638.876953125
656.429199219
630.704101562
670.280029297
635.473876953
675.034179688
633.985107422
664.383056641
633.159912109
666.526123047
649.680908203
654.646972656
661.040039062
648.973876953
664.480957031
634.618896484
652.049072266
644.477050781
659.752929688
643.829101562
660.251220703
642.987792969
658.131103516
655.391113281
650.62109375
636.641845703
658.290771484
638.215820312
651.697021484
650.625976562
654.847167969
626.586914062
664.314941406
663.874023438
659.100830078
644.473876953
662.4609375
631.677978516
662.346923828
626.486083984
663.547851562
643.45703125
656.610839844
635.99609375
658.485107422
641.109863281
655.802978516
657.837158203
657.877929688
640.375244141
656.399169922
648.704101562
665.191162109
644.790771484
663.781982422
642.7421875
663.873046875
649.7890625
679.147949219
640.361083984
666.486083984
639.971191406
663.451904297
650.071044922
657.452880859
644.543945312
655.7109375
656.419921875
637.604003906
657.979980469
638.34375
656.805175781
656.380859375
653.738037109
640.002197266
658.481933594
640.028808594
657.354003906
638.99609375
656.172851562
645.635253906
656.541992188
638.062011719
655.766113281
643.975097656
655.966064453
646.379882812
655.178222656
649.892089844
657.651855469
642.472167969
654.066162109
638.114013672
659.446777344
634.594970703
668.751953125
632.522949219
657.70703125
641.777099609
659.841064453
638.262939453
659.898193359
644.022949219
657.001953125
642.859130859
657.014160156
629.458984375
653.563964844
630.551025391
652.050048828
644.736083984
656.105957031
653.275878906
650.573974609
660.161865234
644.687988281
656.151123047
653.132080078
648.852050781
660.934082031
659.143066406
647.040039062
648.960205078
656.238037109
633.073974609
651.016845703
656.1640625
656.071044922
640.190185547
663.124023438
638.072021484
657.558105469
635.775878906
660.182128906
656.967041016
655.477050781
636.151855469
662.203125
638.211914062
662.069091797
632.058105469
647.802246094
654.301025391
655.579833984
634.706787109
659.376220703
636.4921875
657.093017578
630.406982422
659.729003906
637.70703125
662.04296875
630.725097656
653.572021484
649.572998047
684.951904297
711.949951172
696.197998047
691.208984375
656.33203125
648.577392578
677.729003906
652.742919922
694.534912109
649.701904297
668.947021484
657.850830078
695.37890625
666.187988281
675.370849609
686.762207031
651.171142578
689.186035156
684.650878906
689.300048828
714.143066406
665.593017578
711.428955078
714.073242188
707.898193359
676.915283203
659.550048828
683.205078125
685.630126953
685.075927734
657.916259766
633.679931641
658.581787109
639.895019531
660.084960938
658.926025391
652.788818359
637.807128906
651.880126953
637.882080078
655.179931641
639.767089844
657.020996094
676.330810547
642.156005859
663.801025391
650.026123047
645.291748047
656.026855469
647.986816406
657.150878906
657.29296875
654.884033203
638.776123047
657.987792969
641.763183594
662.543212891
635.236083984
649.843017578
654.509033203
652.32421875
661.636962891
642.802001953
641.878173828
657.399169922
639.101074219
660.458740234
645.553955078
656.433837891
639.819091797
656.732177734
636.741210938
657.172851562
641.995849609
667.469238281
653.240966797
646.133056641
665.986816406
649.267089844
653.599121094
658.895996094
651.770263672
660.026855469
637.372070312
676.156982422
646.586914062
701.978759766
680.973144531
645.882324219
653.692871094
638.041015625
657.556152344
693.177978516
699.989990234
663.066894531
669.755126953
671.078125
683.665039062
686.547119141
691.209228516
646.385009766
655.741943359
636.538818359
661.180908203
637.572998047
670.472900391
640.120117188
652.581054688
639.008056641
659.409179688
637.365966797
660.958007812
634.233886719
661.167724609
655.127929688
654.854003906
642.886962891
654.119140625
633.484130859
650.543945312
651.273925781
661.151855469
636.447753906
663.619873047
635.975830078
635.701904297
667.568847656
640.325683594
653.593994141
657.324951172
636.597900391
644.363037109
650.008056641
653.621826172
650.418945312
661.899902344
633.41796875
662.365966797
643.855957031
660.680908203
653.157958984
665.068115234
639.704833984
651.158203125
632.343994141
655.968994141
652.029052734
658.443847656
641.135009766
661.674072266
643.468017578
658.049072266
637.763916016
659.981933594
646.169921875
655.173095703
645.603027344
657.708984375
641.961181641
658.471923828
650.418945312
656.217041016
655.766845703
652.626953125
638.478027344
663.784912109
632.239013672
646.543945312
657.041992188
643.575927734
640.920166016
655.826904297
653.395751953
651.71484375
641.104980469
658.864990234
643.91796875
661.143066406
633.572265625
667.786865234
634.024169922
649.401123047
639.694824219
660.277099609
643.868164062
684.283935547
632.411865234
656.373779297
654.219970703
643.062988281
657.160888672
642.656005859
656.690917969
631.645019531
661.953857422
636.580078125
660.174316406
654.862304688
660.203125
633.1796875
660.541992188
647.931884766
685.929931641
636.394042969
662.974121094
655.778076172
