46.1572265625
20.2331542969
20.0461425781
43.6647949219
38.828125
42.423828125
24.3251953125
33.369140625
36.9868164062
21.2890625
25.7368164062
17.2758789062
19.5681152344
19.8801269531
19.7819824219
21.2841796875
18.994140625
18.6401367188
18.1430664062
18.7180175781
24.1330566406
21.6650390625
21.5258789062
21.3908691406
21.7600097656
20.6359863281
20.9929199219
21.1821289062
23.3229980469
23.6630859375
21.1350097656
23.9611816406
30.2099609375
19.67578125
55.5280761719
25.0830078125
20.9477539062
19.6760253906
19.8869628906
20.5161132812
19.9270019531
18.2143554688
20.2839355469
23.5190429688
25.4138183594
21.23828125
20.6091308594
20.5520019531
21.4438476562
24.8229980469
43.8139648438
24.3090820312
19.5959472656
18.2019042969
21.9240722656
24.3330078125
38.462890625
19.5280761719
23.5959472656
27.29296875
27.2241210938
39.4108886719
16.7570800781
22.1228027344
18.9130859375
19.4240722656
25.4079589844
24.2509765625
24.7998046875
21.5
21.9572753906
50.7160644531
32.3181152344
18.0129394531
17.3740234375
18.1579589844
22.5029296875
28.3500976562
23.6137695312
19.8408203125
21.4799804688
21.1669921875
20.2509765625
52.6062011719
19.6640625
20.6599121094
18.1159667969
18.1518554688
22.8029785156
21.044921875
33.6667480469
24.7106933594
54.0549316406
33.6518554688
21.4318847656
20.0700683594
26.205078125
24.0688476562
21.4741210938
22.8491210938
20.1469726562
23.208984375
36.5659179688
21.044921875
20.0869140625
19.005859375
23.3369140625
21.4978027344
22.796875
20.2841796875
22.7399902344
23.0119628906
50.3688964844
18.7561035156
18.07421875
19.1528320312
24.9401855469
25.0979003906
19.5546875
20.4599609375
31.3857421875
19.0080566406
18.7028808594
19.5021972656
17.9790039062
26.3549804688
20.5600585938
20.8549804688
22.5959472656
24.66796875
23.9938964844
25.8269042969
26.5358886719
25.5803222656
42.6291503906
22.8972167969
26.1872558594
26.9028320312
18.6391601562
24.8908691406
21.7551269531
20.8139648438
23.6789550781
24.8400878906
21.8911132812
22.5749511719
25.5078125
21.1921386719
23.1530761719
37.9909667969
21.8891601562
20.4428710938
34.1508789062
20.6569824219
28.0302734375
30.6701660156
52.5778808594
20.08203125
19.6657714844
17.9421386719
24.005859375
24.1101074219
23.5600585938
19.8251953125
24.9450683594
26.6760253906
19.0751953125
17.8000488281
19.0900878906
26.08984375
23.0439453125
23.1520996094
18.3608398438
48.9150390625
47.921875
18.6208496094
20.0649414062
19.7060546875
21.9741210938
22.1328125
24.8798828125
23.2189941406
24.025390625
30.4741210938
30.2531738281
17.6069335938
18.0649414062
21.9719238281
19.2941894531
25.1889648438
20.7219238281
21.6389160156
21.1550292969
20.0249023438
21.9501953125
22.6340332031
24.2761230469
21.8671875
20.5522460938
32.2629394531
17.1179199219
20.2141113281
23.837890625
24.0571289062
25.0612792969
21.708984375
46.1818847656
20.0300292969
23.1782226562
21.6228027344
20.2612304688
18.7490234375
22.5522460938
21.4418945312
20.5031738281
20.9150390625
20.125
23.3291015625
24.08203125
23.4448242188
20.4548339844
43.6320800781
19.9169921875
19.0729980469
20.1279296875
20.0029296875
17.4770507812
22.5610351562
20.8369140625
20.2619628906
20.1450195312
24.7971191406
22.3967285156
22.130859375
24.9072265625
54.7160644531
48.1511230469
18.6171875
18.4860839844
19.9379882812
20.5720214844
24.5432128906
26.1481933594
23.158203125
25.1879882812
20.3049316406
51.0678710938
50.5490722656
26.1057128906
19.9719238281
19.087890625
23.37109375
33.4838867188
22.9089355469
20.8898925781
26.6071777344
29.0671386719
30.4499511719
18.6381835938
18.6811523438
18.79296875
23.24609375
21.6411132812
20.1889648438
20.4321289062
23.2221679688
26.1960449219
18.6560058594
50.3078613281
52.4382324219
18.2580566406
18.4140625
19.869140625
24.244140625
25.4172363281
23.1511230469
22.3400878906
44.3178710938
20.8620605469
19.7160644531
19.4890136719
18.5119628906
24.7758789062
22.9890136719
26.0219726562
30.6340332031
30.1240234375
19.4299316406
17.8442382812
17.7351074219
24.99609375
20.6257324219
21.33984375
20.8488769531
22.8640136719
24.8920898438
24.576171875
29.8933105469
28.95703125
19.9580078125
18.2570800781
17.9812011719
21.6228027344
27.8098144531
23.1940917969
20.6401367188
19.2619628906
49.3488769531
25.3762207031
17.3901367188
17.5017089844
21.3168945312
23.3107910156
21.5522460938
24.1999511719
23.498046875
23.8229980469
24.5151367188
20.5788574219
19.4738769531
43.2099609375
25.1850585938
21.41796875
17.9458007812
20.1750488281
20.0378417969
23.7302246094
21.7700195312
45.7587890625
27.6599121094
38.2890625
21.8630371094
18.505859375
19.2631835938
20.7661132812
24.0500488281
24.4887695312
24.3237304688
24.7060546875
22.4167480469
42.4448242188
20.1389160156
21.2358398438
18.6882324219
18.3010253906
19.3759765625
27.1489257812
24.2971191406
19.6337890625
19.6982421875
49.37890625
26.3220214844
41.5639648438
21.0300292969
20.7778320312
20.0451660156
20.3439941406
23.0061035156
30.6459960938
36.998046875
20.20703125
20.3388671875
18.7270507812
18.5270996094
22.2360839844
23.6118164062
19.5739746094
20.4450683594
21.5080566406
28.6228027344
17.8452148438
19.8642578125
18.9599609375
19.1398925781
23.3588867188
20.4401855469
19.4680175781
20.0649414062
25.1340332031
19.5051269531
50.3181152344
27.3999023438
17.4477539062
18.5998535156
24.1848144531
23.6899414062
30.4399414062
39.7280273438
51.4221191406
24.3930664062
19.1999511719
17.6411132812
23.451171875
19.4919433594
31.6149902344
22.5388183594
40.6181640625
32.7890625
22.6550292969
17.5141601562
20.7019042969
18.49609375
24.8811035156
21.2131347656
20.7080078125
21.4738769531
23.6069335938
27.5642089844
20.7658691406
32.9050292969
44.1372070312
22.4567871094
20.3779296875
17.1010742188
18.1320800781
25.9770507812
24.7399902344
20.9130859375
23.513671875
18.4509277344
53.4848632812
35.7348632812
20.6999511719
18.6750488281
18.8940429688
24.5869140625
20.8759765625
21.6320800781
20.8420410156
21.1970214844
21.0300292969
21.4028320312
21.4489746094
38.0639648438
20.5310058594
19.5969238281
18.1418457031
22.7578125
21.7651367188
21.4990234375
21.5859375
20.6040039062
21.8330078125
24.1948242188
21.4477539062
25.4919433594
21.2612304688
26.9230957031
18.9372558594
17.3671875
20.8671875
18.1040039062
21.2770996094
20.2700195312
20.7192382812
22.3937988281
23.7099609375
21.8911132812
18.9819335938
19.583984375
25.7380371094
21.1989746094
22.6459960938
22.3491210938
26.8718261719
20.3510742188
20.2739257812
20.7509765625
20.3830566406
22.4741210938
18.7937011719
27.7250976562
46.3571777344
20.384765625
18.5419921875
17.4729003906
27.296875
20.6489257812
21.2312011719
21.6550292969
34.6779785156
20.5861816406
46.2668457031
24.0180664062
19.1647949219
19.8659667969
19.3591308594
24.8203125
24.1940917969
23.7019042969
24.0270996094
30.7248535156
24.3830566406
19.1560058594
26.3991699219
17.9270019531
18.9162597656
20.8088378906
24.8830566406
25.3520507812
23.3991699219
26.3720703125
20.6362304688
44.7109375
35.0251464844
20.9619140625
18.5549316406
19.916015625
23.4938964844
21.0041503906
20.4560546875
21.6213378906
20.8068847656
20.7800292969
21.1779785156
22.5300292969
25.0190429688
42.2160644531
33.8439941406
17.9050292969
18.3637695312
19.5070800781
18.6022949219
23.9692382812
21.2250976562
25.3022460938
43.9477539062
22.3562011719
45.7099609375
26.1550292969
19.2797851562
24.6848144531
20.6430664062
23.2487792969
24.873046875
23.7739257812
23.2658691406
24.5581054688
29.4250488281
30.2561035156
20.4799804688
17.5209960938
18.0280761719
21.4270019531
24.1916503906
23.6977539062
24.0610351562
55.7470703125
27.6147460938
19.666015625
19.0578613281
18.9331054688
23.5930175781
20.8120117188
26.5947265625
25.9770507812
21.9729003906
25.5
54.8618164062
22.7529296875
18.8840332031
19.0849609375
18.9299316406
32.2778320312
20.0500488281
24.1130371094
19.6782226562
45.5959472656
45.7102050781
18.6970214844
18.7961425781
18.2509765625
23.6899414062
21.3518066406
23.0988769531
20.7077636719
25.0788574219
22.3420410156
23.5419921875
24.0141601562
26.3210449219
39.6611328125
26.1218261719
42.3452148438
20.4287109375
17.0388183594
18.9841308594
20.3930664062
22.2739257812
25.6271972656
41.7429199219
27.5639648438
46.21484375
17.9318847656
17.6437988281
19.0498046875
21.3369140625
32.0419921875
21.1599121094
24.6530761719
34.708984375
23.0947265625
20.8940429688
17.5209960938
18.4567871094
25.8518066406
28.4851074219
26.33203125
26.0400390625
21.3679199219
42.3210449219
32.2351074219
18.0659179688
18.7749023438
18.5561523438
22.5939941406
20.8698730469
22.7509765625
24.1262207031
23.37890625
23.7399902344
24.0559082031
22.5871582031
24.0539550781
18.6789550781
46.4909667969
32.8642578125
20.6069335938
26.4138183594
20.4580078125
28.2202148438
21.9929199219
20.1882324219
23.1999511719
24.2399902344
22.8647460938
23.7277832031
23.4411621094
27.3349609375
41.8391113281
20.2707519531
19.7990722656
18.5512695312
20.6489257812
21.7868652344
27.4099121094
24.7368164062
19.8737792969
24.6069335938
24.8220214844
20.326171875
46.123046875
36.1701660156
19.4069824219
20.0419921875
19.7390136719
23.3630371094
24.7961425781
23.5200195312
25.9018554688
27.2541503906
33.1982421875
21.3989257812
19.4089355469
18.5478515625
23.7939453125
19.5520019531
34.041015625
47.8291015625
20.333984375
22.9338378906
18.3269042969
19.453125
17.7238769531
25.0009765625
20.8581542969
21.3920898438
23.5068359375
23.3859863281
22.5571289062
24.1652832031
23.2019042969
24.5339355469
39.7448730469
25.7111816406
18.6081542969
18.6279296875
18.6298828125
18.3530273438
24.96875
32.4938964844
22.294921875
23.2631835938
45.5969238281
18.5090332031
20.7189941406
18.1101074219
24.9538574219
20.9340820312
21.4289550781
23.7360839844
24.0178222656
24.8198242188
25.2749023438
19.30078125
46.2958984375
50.6953125
20.1328125
19.0881347656
18.6000976562
22.7451171875
21.54296875
21.5561523438
21.0441894531
20.7531738281
22.4729003906
23.1530761719
45.7028808594
19.9826660156
17.716796875
17.9880371094
20.0646972656
19.1821289062
23.4450683594
19.4189453125
24.494140625
31.3520507812
37.0588378906
19.7839355469
22.423828125
18.787109375
25.21484375
23.5261230469
22.7131347656
24.4519042969
23.9670410156
22.2658691406
23.7690429688
29.7529296875
40.9060058594
43.4748535156
37.4470214844
23.74609375
19.2868652344
18.8718261719
23.5261230469
20.5859375
23.5390625
20.37890625
18.7209472656
31.630859375
20.0910644531
18.7678222656
18.7700195312
20.2270507812
23.8088378906
29.6520996094
29.1489257812
25.69921875
42.0620117188
20.6520996094
18.5769042969
19.138671875
23.0688476562
26.0419921875
20.1608886719
29.4870605469
50.3488769531
26.1579589844
18.0952148438
17.7687988281
23.3852539062
25.9477539062
23.2707519531
24.6870117188
24.4677734375
19.2080078125
47.7121582031
39.5710449219
19.791015625
20.0300292969
18.3791503906
23.7817382812
25.1479492188
22.0302734375
18.9729003906
37.2841796875
18.3908691406
18.6040039062
19.5549316406
19.7817382812
23.1740722656
24.9138183594
19.875
21.2600097656
21.4760742188
19.5852050781
22.5981445312
37.1860351562
19.2609863281
19.3510742188
19.5400390625
23.1281738281
23.7360839844
19.3649902344
26.4462890625
44.455078125
48.755859375
22.9829101562
19.1896972656
18.96484375
23.1228027344
23.1787109375
23.54296875
23.8979492188
30.7551269531
23.9333496094
44.4299316406
19.7419433594
20.2080078125
21.7490234375
19.6909179688
23.8188476562
29.9819335938
21.2509765625
19.5500488281
23.2878417969
19.4877929688
19.6088867188
19.6108398438
21.4528808594
20.9250488281
23.4228515625
23.583984375
21.2822265625
24.8168945312
46.5759277344
32.7109375
20.8898925781
21.4470214844
18.0700683594
24.3190917969
21.3950195312
20.880859375
20.7868652344
21.5517578125
30.6520996094
45.3420410156
55.7219238281
25.2719726562
20.2529296875
18.8598632812
18.546875
21.4360351562
21.3698730469
20.4211425781
24.5729980469
30.7436523438
18.5681152344
26.9719238281
19.2768554688
18.8840332031
16.9248046875
24.8298339844
20.8647460938
25.3791503906
19.5451660156
19.8122558594
47.2041015625
25.3181152344
18.7810058594
20.8129882812
17.6440429688
17.9750976562
24.1330566406
20.6850585938
23.3312988281
25.5200195312
45.3950195312
20.3579101562
18.3569335938
18.4560546875
18.4367675781
17.5261230469
23.6491699219
23.3239746094
25.6999511719
21.1149902344
46.1147460938
47.0688476562
18.419921875
18.0219726562
20.0219726562
27.1630859375
24.3759765625
25.1359863281
23.8491210938
27.6760253906
52.9201660156
22.3479003906
21.9738769531
18.6770019531
18.3020019531
24.2470703125
20.9440917969
24.4460449219
26.6728515625
19.8029785156
51.4799804688
51.2019042969
26.7260742188
17.9709472656
18.1052246094
23.2458496094
20.912109375
21.5068359375
22.9011230469
29.0319824219
19.1987304688
44.7719726562
19.244140625
20.0832519531
18.3298339844
17.9809570312
23.3029785156
21.4731445312
23.1350097656
19.5317382812
19.3520507812
22.3752441406
21.5817871094
48.6647949219
51.0192871094
19.0693359375
17.9011230469
21.4169921875
21.7309570312
28.1447753906
19.3178710938
20.2351074219
19.1779785156
51.3630371094
21.0280761719
18.25390625
18.0012207031
19.0947265625
18.0112304688
28.3779296875
20.0610351562
25.3920898438
21.3308105469
21.1921386719
23.0637207031
43.7731933594
49.6689453125
26.9028320312
19.8271484375
21.4997558594
21.0949707031
22.16796875
23.375
22.4729003906
23.4208984375
24.0541992188
20.4619140625
22.3620605469
19.9260253906
24.3662109375
19.0168457031
17.666015625
18.4729003906
20.7102050781
24.826171875
19.7807617188
22.3530273438
54.4841308594
46.2971191406
17.9990234375
18.6049804688
18.5083007812
25.7639160156
25.4230957031
23.5361328125
21.7390136719
21.1909179688
41.5830078125
33.546875
23.0700683594
21.2819824219
18.6721191406
23.6079101562
23.4680175781
23.4111328125
23.705078125
20.6069335938
42.0070800781
35.0690917969
21.5012207031
18.3620605469
18.1232910156
