4.52392578125
5.87475585938
4.18896484375
8.98486328125
4.88110351562
4.92822265625
4.59008789062
4.70190429688
12.6279296875
3.921875
4.04370117188
4.18090820312
5.89208984375
5.453125
4.96826171875
4.67114257812
5.35375976562
4.97509765625
5.783203125
4.73999023438
4.44702148438
4.14990234375
4.15600585938
4.10913085938
4.37133789062
4.4990234375
6.22216796875
4.53100585938
4.59887695312
5.53979492188
4.56323242188
4.14599609375
7.2900390625
4.27099609375
4.35815429688
4.4150390625
4.2470703125
4.134765625
4.61791992188
6.27709960938
5.76684570312
4.67895507812
4.31030273438
5.23974609375
4.07104492188
4.130859375
4.40600585938
4.20629882812
3.93603515625
5.10498046875
4.69482421875
5.6748046875
4.16796875
4.42797851562
4.38696289062
5.0439453125
5.28466796875
5.13793945312
4.619140625
4.37182617188
4.53100585938
4.8671875
9.2412109375
10.4619140625
4.77783203125
5.2841796875
5.60815429688
5.97192382812
5.1279296875
5.34521484375
12.8908691406
4.41918945312
4.7568359375
4.5390625
4.71826171875
4.23413085938
5.01708984375
4.14306640625
5.03295898438
4.31494140625
4.73217773438
4.44018554688
4.61791992188
4.42407226562
4.83715820312
4.93603515625
4.26196289062
5.36791992188
11.2741699219
4.21118164062
4.66577148438
4.26489257812
4.8232421875
4.55908203125
4.39697265625
4.1181640625
4.48999023438
4.54296875
4.8203125
4.6669921875
4.89697265625
4.88403320312
5.09399414062
4.30883789062
4.53100585938
5.2978515625
7.09106445312
4.7509765625
6.68115234375
5.19189453125
5.77514648438
5.48120117188
4.94799804688
4.93115234375
5.21801757812
4.78588867188
6.27197265625
4.42211914062
4.84887695312
5.00415039062
5.37915039062
5.16015625
5.06396484375
3.98706054688
4.41088867188
4.2978515625
11.9709472656
3.98974609375
4.71704101562
4.35864257812
4.751953125
8.625
4.3779296875
4.02612304688
4.35815429688
4.91870117188
4.9130859375
4.67797851562
4.8671875
3.99291992188
4.125
4.23413085938
4.01098632812
4.30200195312
4.20190429688
4.31396484375
6.94921875
4.40991210938
4.34887695312
4.673828125
4.44116210938
4.91186523438
4.18090820312
4.04614257812
5.60302734375
5.07592773438
5.38916015625
6.18701171875
5.48388671875
4.119140625
4.83715820312
5.79614257812
6.52490234375
8.02807617188
5.01489257812
5.36108398438
6.8759765625
4.37890625
4.7080078125
4.35913085938
7.1494140625
4.248046875
11.3491210938
5.23706054688
15.6599121094
9.88500976562
4.7421875
4.50610351562
5.05297851562
4.10498046875
4.52221679688
4.9638671875
4.37280273438
4.47216796875
5.26293945312
5.7900390625
4.1181640625
4.15893554688
4.25390625
4.77099609375
4.55224609375
4.1650390625
7.3359375
4.12109375
3.9560546875
5.07421875
4.84204101562
4.67993164062
4.0361328125
4.42602539062
4.73291015625
4.16772460938
4.43383789062
4.06982421875
4.05908203125
4.14794921875
4.33984375
4.23095703125
4.98291015625
4.52514648438
5.02880859375
4.31884765625
4.376953125
3.822265625
4.38598632812
4.46801757812
3.92700195312
6.11499023438
4.498046875
4.79614257812
4.49194335938
4.25805664062
4.18774414062
4.14916992188
4.42016601562
4.12890625
4.1962890625
4.25610351562
4.4482421875
4.03491210938
4.61108398438
5.9609375
4.31909179688
4.60693359375
3.94921875
5.3349609375
4.85107421875
4.376953125
4.60522460938
4.158203125
4.77392578125
4.6396484375
5.13403320312
4.6142578125
4.416015625
4.06420898438
4.69213867188
3.98413085938
3.94311523438
4.32397460938
4.02807617188
3.83081054688
4.13696289062
4.19995117188
4.32690429688
4.25512695312
4.10522460938
4.28686523438
4.03125
4.33813476562
4.2021484375
5.73388671875
11.96875
4.5107421875
5.65600585938
4.00268554688
4.34521484375
3.97998046875
4.72631835938
4.826171875
4.3330078125
4.40771484375
3.955078125
4.00073242188
4.38696289062
5.22802734375
5.0517578125
5.10595703125
4.15795898438
5.77709960938
4.10205078125
4.27807617188
4.97192382812
4.64013671875
4.2548828125
4.38989257812
4.07983398438
3.84204101562
4.11474609375
4.12817382812
4.13598632812
4.10009765625
4.1279296875
4.08715820312
4.7451171875
4.4619140625
4.40014648438
3.71606445312
3.84301757812
3.9619140625
3.9638671875
4.18188476562
4.44799804688
4.28100585938
5.60498046875
5.02319335938
8.0830078125
3.97900390625
4.169921875
3.908203125
3.92602539062
3.93408203125
3.81201171875
3.78295898438
4.23388671875
3.744140625
4.14892578125
4.02319335938
4.05786132812
3.79516601562
4.84375
4.31689453125
4.57788085938
4.27392578125
4.21997070312
3.984375
4.21020507812
4.2431640625
4.40014648438
4.10791015625
4.04907226562
4.791015625
5.11108398438
4.0419921875
4.32495117188
3.9208984375
3.80395507812
4.69995117188
3.82006835938
3.88208007812
4.6220703125
4.05395507812
5.18481445312
4.171875
4.20703125
4.2177734375
3.70776367188
4.091796875
4.17016601562
3.76196289062
4.38793945312
3.94287109375
4.23315429688
4.251953125
3.77807617188
4.123046875
3.78491210938
4.10717773438
4.0068359375
4.50708007812
4.31689453125
3.82006835938
4.23779296875
4.04296875
4.02587890625
4.046875
4.05517578125
3.9580078125
3.92797851562
3.86694335938
4.10400390625
3.96704101562
4.77685546875
4.17407226562
4.87182617188
3.84985351562
4.22216796875
4.21826171875
3.94799804688
4.09887695312
3.875
4.14306640625
3.85595703125
4.0517578125
3.9951171875
4.6279296875
4.42114257812
4.89013671875
4.4501953125
4.8251953125
3.88208007812
4.52392578125
4.12915039062
3.98217773438
4.48803710938
4.00219726562
3.80322265625
4.35400390625
4.35888671875
4.0546875
4.26293945312
3.98168945312
4.1689453125
4.40112304688
4.126953125
4.31079101562
4.09326171875
4.07202148438
4.93505859375
4.14892578125
4.38208007812
4.31323242188
4.59692382812
3.89282226562
3.93798828125
4.453125
3.95385742188
4.36108398438
4.06787109375
4.26513671875
3.92993164062
4.15014648438
4.2470703125
3.90112304688
4.08520507812
3.97290039062
4.6669921875
3.77197265625
4.33813476562
3.87377929688
4.02270507812
3.8046875
3.91186523438
4.1767578125
3.84887695312
4.54174804688
4.64892578125
4.73876953125
4.28295898438
3.97094726562
4.130859375
4.05590820312
3.94970703125
4.34106445312
3.75708007812
4.1689453125
4.345703125
4.26708984375
4.923828125
3.81103515625
4.09790039062
4.67797851562
4.03588867188
3.98486328125
4.39135742188
4.49487304688
4.447265625
7.56103515625
5.02685546875
4.61694335938
4.28979492188
8.74682617188
4.466796875
5.48999023438
4.712890625
4.4169921875
4.80712890625
5.06884765625
5.47412109375
5.06298828125
5.20190429688
5.13208007812
5.09619140625
5.48291015625
5.0849609375
4.6220703125
4.46411132812
4.83715820312
5.10913085938
4.73120117188
4.80517578125
4.48999023438
6.0087890625
4.74389648438
5.64770507812
5.0419921875
6.23022460938
4.8720703125
5.80981445312
4.72412109375
5.1162109375
5.27465820312
5.26000976562
4.91186523438
5.82202148438
4.59008789062
5.2041015625
5.18920898438
4.97094726562
4.69506835938
4.66015625
4.703125
5.705078125
4.73901367188
5.42211914062
4.85791015625
6.22412109375
5.03393554688
5.55810546875
5.07592773438
5.42016601562
4.82592773438
6.01196289062
5.14282226562
6.79174804688
4.94775390625
4.70190429688
7.416015625
4.1337890625
4.10693359375
4.58911132812
4.53686523438
4.25317382812
4.65112304688
5.89086914062
4.67797851562
3.81494140625
5.7978515625
4.36303710938
4.62890625
4.01000976562
5.86206054688
4.27685546875
4.94702148438
4.31005859375
3.89111328125
5.580078125
4.76586914062
4.69189453125
4.08178710938
4.56811523438
4.77416992188
6.12915039062
4.11889648438
5.47290039062
6.01098632812
3.64916992188
4.02514648438
4.06616210938
4.07080078125
4.18212890625
5.95825195312
4.04907226562
4.23315429688
4.74487304688
5.359375
4.13623046875
4.00903320312
7.36083984375
4.07690429688
6.58715820312
3.98388671875
4.298828125
4.16088867188
5.88403320312
3.93676757812
3.97290039062
4.2939453125
4.14794921875
4.13500976562
4.38720703125
4.341796875
4.02685546875
4.20190429688
4.71899414062
8.2841796875
4.19189453125
4.34008789062
4.03002929688
4.22192382812
4.0830078125
4.85205078125
4.90991210938
4.22900390625
5.64111328125
5.27807617188
6.29711914062
4.48779296875
3.7890625
4.3720703125
4.27294921875
8.20727539062
3.87280273438
8.69287109375
3.75708007812
4.501953125
3.86401367188
4.14501953125
3.86596679688
4.90307617188
4.58081054688
4.04370117188
6.18408203125
4.30395507812
4.49291992188
4.28979492188
4.03491210938
4.34497070312
6.341796875
10.5930175781
3.99291992188
3.96411132812
4.18212890625
4.6220703125
3.95703125
3.69018554688
4.94506835938
4.94995117188
5.68896484375
6.48413085938
4.30908203125
4.52490234375
3.79296875
7.56005859375
4.15405273438
4.48706054688
4.91284179688
3.81909179688
4.62426757812
4.78100585938
4.48120117188
3.90185546875
4.46606445312
4.42578125
4.7421875
4.06396484375
4.05908203125
5.27905273438
4.22192382812
8.5390625
4.21704101562
4.15991210938
4.03686523438
5.05908203125
4.64990234375
5.08081054688
4.27709960938
4.16381835938
4.60815429688
4.42895507812
4.53515625
4.38500976562
4.505859375
4.37817382812
3.97485351562
4.5439453125
4.25390625
7.87475585938
3.69409179688
4.38818359375
4.212890625
5.1640625
4.0400390625
4.09008789062
4.41186523438
4.126953125
5.16918945312
4.26684570312
5.17114257812
3.74194335938
3.80908203125
4.078125
4.162109375
4.7080078125
4.26513671875
8.56811523438
4.2939453125
4.87036132812
5.0859375
3.66186523438
4.19995117188
4.0458984375
4.19189453125
4.28979492188
4.84814453125
4.94775390625
4.36303710938
4.03271484375
3.7392578125
4.98876953125
4.078125
4.61108398438
4.28979492188
3.98217773438
4.39892578125
3.98217773438
7.51708984375
3.875
5.42504882812
3.90478515625
3.9580078125
4.4560546875
4.10107421875
3.82788085938
4.48901367188
4.06909179688
4.06298828125
4.47705078125
4.40673828125
4.044921875
4.3388671875
4.4208984375
5.05102539062
4.4130859375
4.13696289062
3.93798828125
4.58081054688
3.97509765625
4.5400390625
4.37036132812
4.248046875
4.35498046875
5.3232421875
4.75268554688
4.96997070312
4.97216796875
3.99072265625
4.22778320312
4.166015625
4.42700195312
4.35595703125
4.68310546875
4.13403320312
5.7900390625
5.7138671875
4.32983398438
3.70092773438
4.83813476562
4.54711914062
4.12475585938
4.27465820312
4.41918945312
3.92993164062
9.44287109375
4.73510742188
4.0439453125
3.794921875
3.72705078125
4.53588867188
4.8310546875
3.82104492188
4.34619140625
3.90698242188
8.64599609375
4.4150390625
4.76098632812
3.71704101562
3.69213867188
4.07690429688
8.76904296875
4.11108398438
4.73608398438
4.96728515625
4.1650390625
4.119140625
3.634765625
4.44873046875
4.48193359375
3.7099609375
3.6708984375
4.40087890625
4.7021484375
4.30981445312
4.44091796875
4.93603515625
5.0771484375
4.0830078125
3.91967773438
3.93920898438
4.423828125
3.97607421875
4.15795898438
4.90795898438
4.74829101562
5.03125
4.70288085938
5.4619140625
4.662109375
4.48803710938
8.07299804688
5.02490234375
4.546875
4.88793945312
5.29223632812
5.12524414062
4.31494140625
6.29418945312
4.46923828125
4.59399414062
4.25610351562
4.47778320312
4.45288085938
4.00805664062
4.1142578125
4.63110351562
3.81787109375
6.67407226562
3.94873046875
3.8427734375
4.82690429688
4.658203125
3.82592773438
4.00805664062
4.15698242188
4.30981445312
4.53125
4.40185546875
4.25903320312
5.61108398438
3.94799804688
4.91821289062
5.40698242188
3.90795898438
4.22875976562
4.45288085938
4.38403320312
4.46069335938
4.71606445312
4.81787109375
4.21411132812
4.18994140625
4.44799804688
4.44213867188
4.70288085938
4.18383789062
4.48486328125
4.0732421875
3.90698242188
4.63989257812
4.21215820312
4.17309570312
4.58471679688
4.90795898438
4.3779296875
4.51098632812
4.23510742188
4.04516601562
4.35107421875
7.90576171875
4.08984375
4.9609375
5.23608398438
6.494140625
4.40991210938
4.22216796875
3.7392578125
4.037109375
4.60791015625
4.3310546875
4.05224609375
4.703125
4.16479492188
4.88525390625
5.1259765625
5.64013671875
4.18481445312
3.953125
4.42114257812
4.04223632812
4.70825195312
4.05395507812
4.74194335938
4.44897460938
7.84497070312
4.01586914062
5.46826171875
4.13500976562
4.46801757812
4.35083007812
4.1240234375
3.8271484375
3.962890625
5.23022460938
4.75
4.78173828125
4.31518554688
3.62890625
4.46997070312
4.05590820312
4.43115234375
4.42309570312
4.23608398438
4.451171875
4.25415039062
3.76611328125
3.68774414062
4.67211914062
4.29907226562
4.75390625
5.09497070312
4.70092773438
4.6640625
4.8447265625
3.7568359375
4.80932617188
4.56201171875
4.63012695312
5.6162109375
15.3310546875
4.07885742188
4.4013671875
4.16528320312
3.81616210938
3.89916992188
7.57885742188
4.130859375
4.4130859375
3.84912109375
4.17797851562
4.28100585938
4.20288085938
4.376953125
4.64721679688
4.35913085938
4.13208007812
4.46704101562
4.8818359375
3.91381835938
4.4580078125
4.28295898438
4.33203125
4.13500976562
7.8369140625
3.8740234375
4.0322265625
4.26318359375
3.99584960938
4.5849609375
4.265625
4.81201171875
4.33618164062
12.6140136719
4.4072265625
5.39428710938
11.1569824219
7.74609375
6.05419921875
5.05493164062
5.923828125
5.79516601562
4.65795898438
18.2348632812
4.794921875
6.58081054688
5.13793945312
7.46801757812
5.69409179688
5.23803710938
5.1220703125
5.02783203125
4.1298828125
4.64208984375
5.06591796875
5.60693359375
5.71215820312
5.34692382812
4.31201171875
10.2150878906
4.27026367188
4.703125
5.27709960938
11.0361328125
4.712890625
4.19506835938
4.51318359375
4.794921875
4.1220703125
4.56909179688
4.2529296875
4.42407226562
4.3876953125
4.22192382812
4.43090820312
4.17114257812
3.98706054688
4.9521484375
4.25512695312
4.5400390625
4.48413085938
4.93505859375
4.07885742188
3.9609375
4.27197265625
4.80493164062
4.22387695312
4.35986328125
4.31616210938
4.13989257812
4.17822265625
4.53295898438
