195.842041016
201.294921875
194.0078125
196.137939453
222.947021484
218.738037109
210.499023438
206.272949219
190.037841797
190.392089844
189.883789062
193.698974609
199.095947266
206.872802734
203.779052734
189.107177734
214.657958984
189.876708984
193.152832031
192.085205078
201.025146484
217.364257812
203.978759766
204.875732422
222.811035156
194.725097656
193.860107422
203.408935547
204.073974609
198.461914062
231.697753906
193.283935547
188.481933594
200.48828125
200.654785156
200.523925781
213.038818359
200.615722656
200.557861328
206.5703125
202.287109375
209.669677734
212.225097656
191.352050781
190.937988281
201.409179688
218.551757812
214.720947266
202.58203125
192.853027344
195.607910156
200.603027344
203.450927734
219.604980469
200.443847656
199.280029297
202.562011719
198.883056641
210.141845703
194.080810547
193.022949219
203.077880859
200.804931641
211.324951172
220.731201172
214.061035156
204.546875
193.911132812
207.960205078
212.741699219
208.478759766
233.461181641
200.614990234
232.196777344
213.551025391
207.3828125
221.854736328
203.695068359
207.904052734
215.403076172
199.726074219
229.906982422
201.936767578
206.596923828
210.072021484
220.638183594
234.793945312
201.296142578
202.063964844
222.667724609
256.867919922
218.922119141
277.348144531
221.721191406
206.436035156
214.87890625
210.307128906
219.557861328
240.934082031
233.989013672
205.050048828
213.663818359
211.966064453
218.967041016
226.652832031
207.757080078
208.616943359
211.462158203
215.296875
213.793945312
281.362060547
220.299072266
213.396972656
215.294921875
206.354003906
200.769042969
224.1640625
209.631835938
209.295898438
206.721923828
215.074951172
231.625244141
221.5859375
211.015869141
198.491943359
194.558837891
199.062988281
206.498046875
213.020019531
191.014892578
188.729980469
203.368164062
199.271972656
202.424072266
199.671142578
208.424072266
201.995849609
195.727783203
204.342773438
198.444824219
222.047119141
213.364990234
212.517089844
204.103027344
204.263916016
206.315917969
220.700927734
194.862792969
192.868896484
200.814941406
201.217773438
210.886962891
208.166992188
201.799072266
197.990966797
203.113037109
202.307128906
227.187011719
189.193847656
192.177978516
197.639892578
205.463134766
200.686035156
224.380126953
192.519042969
191.337158203
209.674804688
196.406982422
219.516113281
226.566894531
194.57421875
200.766113281
200.865966797
200.625
207.436767578
197.441650391
192.608154297
203.204101562
202.887939453
212.444091797
196.297119141
188.897216797
199.044921875
198.408203125
196.748046875
204.186035156
209.765869141
197.511962891
199.639892578
203.715087891
202.057861328
207.620361328
191.976074219
199.387207031
209.578125
209.520751953
208.614746094
191.203125
193.095214844
201.779785156
198.252929688
198.447265625
199.528076172
214.112060547
202.21484375
195.520019531
202.111083984
200.525146484
208.912109375
196.196044922
194.193847656
194.242919922
207.173095703
206.270019531
200.083984375
215.192138672
214.794921875
188.579589844
192.473144531
199.3671875
203.283203125
207.924072266
197.407958984
201.25390625
213.477050781
208.233886719
211.945068359
192.20703125
200.622070312
202.601074219
201.090087891
217.711914062
195.532226562
193.835205078
207.375976562
198.115234375
207.571044922
198.429199219
213.261962891
216.807861328
188.185791016
196.477050781
194.944824219
197.458007812
219.873291016
201.701171875
194.124023438
200.855957031
200.845947266
201.786865234
208.354736328
189.373046875
188.700195312
203.134765625
203.639892578
210.067138672
189.588867188
194.854003906
202.138916016
206.422851562
222.661132812
201.498046875
195.413818359
198.105957031
196.819824219
212.973876953
188.716796875
192.129150391
200.6640625
199.629150391
205.865234375
203.821044922
222.308105469
192.709960938
191.374755859
196.790771484
201.978027344
200.273193359
210.062011719
191.842041016
192.502929688
202.500244141
198.28515625
199.267089844
210.545166016
191.696044922
202.416015625
202.950927734
197.169921875
211.586914062
208.1640625
190.950195312
197.075927734
200.671142578
197.485839844
205.383056641
216.252929688
193.620117188
191.985107422
201.474853516
198.951904297
214.902832031
192.739990234
198.8359375
200.908203125
202.91015625
204.558105469
208.527587891
189.292724609
192.404785156
201.680175781
197.248046875
215.895751953
196.483154297
191.178955078
198.739990234
201.741943359
199.019775391
212.489746094
209.536865234
199.552978516
203.385986328
198.153076172
198.921875
208.981201172
222.270019531
191.111083984
197.738037109
199.467041016
210.177978516
207.688964844
189.081054688
195.651855469
200.319091797
202.813232422
209.301025391
207.359130859
193.469970703
199.478027344
199.391113281
198.052978516
205.149902344
193.481933594
191.048095703
205.379882812
196.708007812
210.538085938
205.941894531
193.090820312
196.041748047
201.634033203
201.726074219
216.201904297
214.170898438
192.655029297
201.680175781
201.961181641
219.383056641
196.953125
189.862792969
192.0859375
213.418945312
218.453125
207.586914062
192.212158203
192.352050781
199.695068359
196.558837891
221.739990234
223.069091797
192.600097656
200.761962891
197.880126953
198.152832031
201.982177734
212.934082031
193.004638672
200.912841797
201.112060547
199.549804688
208.688964844
190.262207031
188.311035156
199.731689453
196.898925781
207.885009766
213.734863281
191.729980469
190.044189453
198.389160156
200.647949219
207.970947266
194.134765625
194.513916016
200.279785156
200.023925781
212.91015625
208.366943359
191.209228516
194.015869141
209.420898438
222.353271484
192.744873047
191.562988281
197.580810547
195.837158203
210.562011719
207.373291016
194.096191406
202.077880859
203.95703125
203.311035156
199.570800781
202.757080078
215.092041016
189.250976562
197.960205078
202.562011719
201.241943359
214.237792969
204.008056641
191.037841797
193.842773438
200.427001953
205.560791016
226.007080078
189.95703125
191.12890625
201.78515625
197.713134766
199.500976562
206.76171875
210.862060547
198.01171875
196.813720703
202.221679688
197.148681641
198.505859375
198.2578125
210.963867188
206.296875
192.182128906
191.46484375
209.518310547
196.700195312
213.429931641
192.727050781
191.751953125
199.765869141
198.534912109
203.764160156
211.775146484
200.005126953
195.061035156
200.796875
205.282714844
207.901855469
197.867919922
197.288085938
205.688964844
196.302001953
201.296630859
214.126220703
191.634033203
194.4140625
199.326904297
200.029052734
220.532958984
191.877929688
201.424072266
202.998779297
214.458984375
199.490234375
192.997070312
201.287841797
205.471923828
193.557861328
209.845947266
192.607910156
195.390136719
200.942138672
200.916992188
213.611816406
193.139648438
198.935791016
198.206787109
201.163085938
214.225830078
213.553710938
193.436279297
206.409912109
199.175048828
222.225097656
191.651123047
191.159912109
199.862792969
198.645019531
200.569824219
229.870117188
194.905029297
195.775146484
198.830078125
197.630859375
211.122070312
214.271972656
193.454101562
198.727050781
207.862060547
201.900878906
206.71484375
189.288330078
195.807861328
201.396972656
211.536865234
209.136962891
205.15625
196.068115234
201.452880859
200.014648438
207.151855469
224.469970703
194.784179688
199.250976562
194.868896484
207.920166016
212.813720703
193.0
198.33203125
211.278076172
200.346191406
209.600830078
213.068115234
198.50390625
199.426025391
199.4140625
201.195800781
196.235839844
208.747070312
193.827880859
189.482910156
201.069824219
199.281005859
200.197998047
212.619140625
191.841308594
195.180175781
199.075927734
201.368164062
199.021240234
215.030761719
208.374023438
197.536865234
200.125732422
197.306884766
212.781982422
202.674804688
196.9140625
200.988037109
236.127197266
200.0
206.092041016
213.041748047
188.885009766
193.505859375
202.420166016
207.3671875
222.191650391
208.184082031
195.132080078
193.969238281
200.987304688
196.173095703
210.606201172
201.791992188
201.569824219
201.052001953
219.089111328
214.021972656
192.125
200.516113281
202.281982422
204.161132812
206.855957031
191.651611328
201.872802734
200.889892578
206.534179688
219.955078125
194.057861328
195.177978516
198.456054688
198.805908203
212.190917969
197.364990234
195.130126953
205.558105469
198.943115234
202.342041016
212.270019531
192.696044922
190.955810547
197.113037109
202.5
201.134033203
211.386962891
192.678955078
193.531982422
203.899169922
199.971679688
208.744873047
208.323974609
198.663085938
205.835205078
197.812255859
200.314941406
205.604003906
195.898193359
194.579101562
203.736816406
205.444824219
208.788085938
213.591064453
190.473144531
189.934082031
203.445068359
199.807128906
214.559082031
227.525878906
200.649169922
202.313964844
208.122802734
205.930908203
208.25390625
201.584960938
198.411865234
202.125976562
223.406005859
209.083007812
190.218261719
190.751953125
202.382080078
195.394042969
212.687011719
202.722900391
202.237060547
192.228271484
201.047119141
204.114990234
210.808105469
207.947998047
192.513916016
192.128173828
206.806884766
206.91796875
208.686035156
216.928955078
194.571044922
190.895751953
200.263183594
200.603759766
202.985107422
211.799804688
190.154052734
204.924072266
196.997802734
200.675048828
228.306152344
205.955078125
193.849853516
209.706054688
202.975097656
228.756835938
191.676025391
190.583984375
201.187255859
199.274902344
192.863037109
210.276123047
194.010986328
189.773681641
217.079345703
200.131835938
198.194091797
213.91796875
217.937011719
191.703857422
199.313232422
203.479003906
204.051025391
215.37890625
213.033935547
198.371826172
191.597900391
202.191162109
199.914794922
203.410888672
213.343017578
194.221923828
196.061767578
201.407226562
222.284912109
197.394042969
190.947021484
200.909912109
206.444824219
207.506103516
210.775878906
189.220947266
189.375732422
206.914794922
198.600097656
204.619873047
218.837158203
200.847167969
195.405029297
201.185791016
197.340820312
207.762939453
192.441894531
191.818847656
205.958251953
193.666748047
206.631103516
206.052001953
193.726074219
191.268066406
201.694091797
202.583984375
215.985107422
209.803955078
199.557861328
206.281005859
206.655029297
214.417724609
198.637939453
196.686035156
209.317871094
231.663085938
197.958007812
202.911865234
210.294921875
219.697021484
220.185058594
225.553955078
196.504150391
197.248046875
207.002929688
202.481933594
217.838867188
211.623046875
197.978027344
214.114990234
205.947021484
217.158203125
204.719970703
209.639892578
225.544921875
234.791992188
208.729003906
201.964111328
210.912841797
204.281738281
198.12109375
215.88671875
198.648193359
204.693115234
201.978027344
221.867919922
217.833007812
200.898925781
210.519042969
214.872070312
213.249023438
200.5
202.510986328
211.46875
228.590820312
201.788818359
196.706054688
363.781982422
200.632080078
200.814941406
208.106933594
191.5
194.531982422
199.639892578
194.864013672
208.013916016
197.145019531
192.412109375
199.557861328
201.875
199.149902344
206.354248047
187.348144531
192.121826172
199.803955078
201.344970703
213.872802734
194.667236328
191.045166016
197.534179688
196.887939453
195.723876953
198.603027344
208.226074219
202.699951172
189.686035156
197.078125
198.7578125
211.106201172
205.989990234
186.7421875
191.257080078
196.703857422
200.216796875
208.304931641
189.08203125
188.521972656
201.213867188
197.54296875
196.700195312
219.571044922
207.817871094
190.173828125
201.194091797
199.885742188
207.678222656
206.669921875
189.937988281
197.490966797
198.649902344
199.291015625
207.259765625
189.150878906
189.93359375
207.991210938
196.450927734
208.581054688
211.976074219
191.187255859
198.332275391
208.154052734
216.882080078
198.016845703
191.572021484
198.724853516
196.061279297
196.590820312
225.404785156
188.127929688
195.878173828
200.125
198.281982422
211.784912109
197.593017578
192.379882812
200.717041016
195.863037109
208.318847656
201.048828125
191.767822266
192.983642578
198.555175781
198.894042969
200.059082031
219.017822266
194.309814453
190.826171875
198.998779297
198.897216797
221.974853516
197.975830078
198.497070312
192.578857422
202.718994141
205.956054688
214.241210938
214.104003906
194.619140625
203.508056641
198.479980469
196.404052734
227.230957031
200.451904297
197.135986328
204.484130859
196.916015625
219.232910156
213.098876953
195.349121094
192.789794922
197.307861328
202.373046875
196.839111328
205.719726562
212.861083984
203.355957031
197.495117188
202.689941406
221.677246094
195.827880859
195.595947266
196.860107422
209.080322266
202.422119141
214.097900391
227.438964844
192.595214844
189.363037109
202.302978516
197.175048828
206.528808594
211.833740234
189.992919922
194.808105469
200.062011719
202.038085938
200.276855469
208.20703125
198.655029297
194.642089844
202.850830078
199.239990234
204.235107422
219.346923828
198.888916016
193.091064453
194.135009766
206.440917969
207.565917969
214.002929688
210.261962891
193.045898438
196.254150391
204.873046875
201.525878906
217.072021484
217.552978516
194.386962891
201.654052734
200.217041016
208.233886719
220.781005859
190.486083984
205.267822266
205.135009766
212.120849609
220.187988281
191.295898438
201.524902344
204.848144531
212.077148438
202.949951172
191.516113281
197.564208984
203.652832031
201.659912109
221.865966797
193.560058594
194.843994141
212.260009766
197.988769531
209.168945312
207.851074219
189.383056641
193.328857422
199.053955078
202.684082031
208.262939453
212.129638672
204.098144531
193.247070312
200.322021484
196.958984375
196.651855469
200.91015625
210.846679688
190.885009766
200.892822266
201.559082031
201.485107422
198.67578125
223.12109375
195.934082031
194.526855469
200.176025391
199.827392578
217.562744141
215.377197266
196.379150391
190.119140625
200.122314453
199.869873047
201.708984375
214.932861328
208.754882812
198.169921875
204.274169922
201.152099609
