2.57299804688
1.796875
2.72509765625
1.46899414062
1.64086914062
1.77587890625
1.98974609375
1.39013671875
5.42211914062
1.06616210938
4.30590820312
0.910888671875
1.82177734375
2.53491210938
1.67211914062
1.44213867188
2.76000976562
2.330078125
1.06372070312
1.54516601562
1.4619140625
1.96313476562
1.14331054688
1.39599609375
1.33813476562
1.55712890625
2.19213867188
1.45092773438
1.3330078125
1.55419921875
0.989013671875
0.923828125
1.69213867188
1.34619140625
1.82104492188
0.909912109375
2.0908203125
1.09912109375
1.19311523438
0.99609375
1.36401367188
1.51611328125
1.31298828125
1.18383789062
1.7412109375
1.28588867188
1.40087890625
1.33813476562
1.64575195312
1.42895507812
1.68286132812
1.12475585938
1.25708007812
0.862060546875
1.67895507812
2.62817382812
1.81884765625
1.4599609375
0.97705078125
1.87280273438
7.55590820312
3.60888671875
7.85302734375
1.85693359375
4.7470703125
3.05102539062
3.01708984375
0.9208984375
1.78686523438
32.5031738281
8.52587890625
8.60009765625
8.65698242188
3.3388671875
1.953125
1.53588867188
2.30883789062
1.35815429688
1.81787109375
1.82397460938
2.21606445312
2.40405273438
13.5517578125
1.65795898438
1.2900390625
2.77685546875
3.5400390625
5.29638671875
2.29174804688
1.2021484375
1.48681640625
0.9267578125
2.201171875
1.56909179688
0.81103515625
1.25708007812
1.29516601562
1.09204101562
13.0270996094
1.09008789062
1.15991210938
1.61279296875
1.22900390625
0.895751953125
2.59033203125
0.95703125
0.69384765625
0.89013671875
0.9990234375
0.903076171875
1.13403320312
0.955810546875
0.798095703125
1.01391601562
0.8681640625
1.14208984375
0.73583984375
0.789306640625
1.09594726562
0.891845703125
0.883056640625
0.833984375
1.05395507812
0.827880859375
1.373046875
1.3271484375
1.23706054688
0.7900390625
0.897216796875
3.27807617188
0.910888671875
1.203125
0.841796875
1.41015625
0.844970703125
0.993896484375
0.997802734375
0.76025390625
0.84912109375
1.26513671875
0.842041015625
0.917724609375
0.828125
0.926025390625
0.85400390625
1.58081054688
1.36010742188
1.18090820312
1.5458984375
0.781982421875
0.982177734375
0.73095703125
1.31298828125
1.36279296875
1.23583984375
1.48999023438
1.30126953125
1.20483398438
1.24194335938
2.0478515625
0.72607421875
1.09912109375
0.841796875
0.84912109375
1.24780273438
1.00024414062
1.04296875
0.822021484375
1.7978515625
1.19506835938
0.619140625
1.177734375
0.888671875
1.17724609375
1.23388671875
1.25830078125
1.412109375
1.66088867188
1.546875
1.42309570312
1.296875
1.33422851562
1.86596679688
1.65576171875
1.34399414062
1.6669921875
2.38793945312
2.43994140625
1.80102539062
2.005859375
0.999267578125
1.19409179688
1.03979492188
1.26391601562
1.91674804688
1.01611328125
0.81103515625
0.789306640625
0.984130859375
1.72290039062
0.972900390625
14.8620605469
0.916015625
2.2490234375
1.6689453125
1.26318359375
1.6279296875
0.9111328125
1.27490234375
1.30688476562
1.0810546875
0.674072265625
1.7060546875
2.0439453125
2.13598632812
1.2021484375
1.25219726562
1.43920898438
1.33618164062
2.06884765625
1.4130859375
1.76904296875
1.3779296875
1.05712890625
1.55712890625
2.08715820312
1.19409179688
1.06811523438
1.13110351562
1.46997070312
0.844970703125
0.715087890625
1.0068359375
1.52172851562
1.2529296875
1.134765625
1.12426757812
1.52905273438
1.2998046875
1.462890625
1.56811523438
1.22314453125
0.989013671875
5.2431640625
1.01611328125
0.649169921875
1.51489257812
1.39184570312
1.18115234375
0.6689453125
1.44995117188
1.56005859375
1.46801757812
1.67895507812
0.837890625
1.04907226562
0.8798828125
1.47412109375
1.02197265625
0.77783203125
0.884033203125
1.76416015625
1.69921875
1.75903320312
1.26098632812
1.59423828125
0.979248046875
1.27514648438
1.25415039062
4.08374023438
0.68701171875
0.884033203125
0.976318359375
4.38696289062
0.89794921875
1.251953125
0.822265625
0.733154296875
1.0830078125
1.47827148438
1.50610351562
1.48706054688
1.046875
0.922119140625
0.7451171875
0.85888671875
0.779052734375
0.674072265625
0.934326171875
1.05590820312
0.9892578125
5.76684570312
1.18627929688
1.83471679688
0.89501953125
0.971923828125
1.23510742188
1.01513671875
0.898193359375
0.8447265625
1.02392578125
4.06811523438
1.06103515625
3.21411132812
0.7197265625
1.07592773438
1.0390625
0.9521484375
1.27099609375
1.46508789062
1.10107421875
1.76611328125
1.3662109375
1.15576171875
1.8818359375
1.0810546875
0.9169921875
1.09521484375
0.636962890625
0.997802734375
0.8828125
1.26708984375
3.7392578125
1.22778320312
1.52221679688
0.665771484375
0.85693359375
1.087890625
0.7998046875
1.94213867188
0.822021484375
4.06982421875
0.927978515625
1.88696289062
3.93701171875
2.755859375
1.6328125
1.51196289062
1.16796875
3.251953125
1.08276367188
1.35400390625
1.9619140625
1.2470703125
1.72924804688
1.13208007812
1.84790039062
1.49389648438
1.94116210938
1.02490234375
1.67993164062
1.30200195312
0.686279296875
1.56811523438
1.2978515625
1.17700195312
0.712890625
0.759765625
1.44311523438
1.25415039062
1.31372070312
1.26611328125
1.48876953125
1.05004882812
1.07104492188
1.59106445312
1.36010742188
4.75
1.171875
2.5390625
0.816162109375
1.05102539062
1.080078125
1.09497070312
3.64501953125
1.49194335938
1.794921875
1.88012695312
2.01489257812
1.0
1.5048828125
1.07690429688
1.294921875
1.23779296875
1.11401367188
0.846923828125
1.15502929688
1.65576171875
0.8671875
0.870849609375
1.05004882812
1.20678710938
0.830810546875
1.169921875
0.77490234375
0.65380859375
1.09594726562
0.966064453125
0.9990234375
0.89599609375
1.06689453125
1.39086914062
1.21997070312
1.4609375
0.97802734375
0.9921875
3.64379882812
0.822021484375
1.18798828125
1.2900390625
1.208984375
1.22412109375
2.4619140625
1.09106445312
4.48217773438
1.39404296875
1.63891601562
1.119140625
1.48608398438
1.14990234375
1.77001953125
1.37084960938
1.10278320312
0.955810546875
3.19213867188
1.06713867188
1.89404296875
1.7587890625
1.875
0.7041015625
1.28491210938
1.58715820312
0.94287109375
1.68896484375
1.89697265625
0.97900390625
1.1591796875
0.701904296875
1.1279296875
0.88330078125
1.66186523438
0.765869140625
1.76220703125
2.47094726562
3.81176757812
2.298828125
2.3359375
4.88403320312
1.1552734375
1.9541015625
0.869873046875
1.01123046875
0.926025390625
1.5
1.3310546875
1.76000976562
4.23901367188
2.42895507812
1.23388671875
0.969970703125
1.66796875
0.8330078125
1.20190429688
1.47998046875
1.40185546875
0.880126953125
0.787109375
0.830810546875
0.891845703125
1.34912109375
0.912841796875
0.8408203125
0.827880859375
0.825927734375
0.77490234375
1.03491210938
0.75
0.9169921875
1.00805664062
0.8388671875
1.48193359375
1.86596679688
1.38623046875
1.36181640625
1.044921875
1.11303710938
1.71508789062
1.52905273438
1.13305664062
1.18920898438
1.13818359375
0.989013671875
0.8408203125
1.375
1.06201171875
1.05029296875
2.18896484375
1.61010742188
1.09204101562
1.02612304688
0.89599609375
1.06909179688
0.983154296875
0.6611328125
0.89990234375
1.25805664062
1.26391601562
1.0849609375
1.64794921875
1.09375
1.05297851562
1.21826171875
1.08813476562
0.88916015625
1.06494140625
0.77880859375
1.20703125
0.676025390625
1.8818359375
1.44604492188
1.01904296875
1.044921875
1.84399414062
0.979248046875
1.11108398438
1.294921875
0.8759765625
1.76708984375
1.31201171875
1.04077148438
1.47705078125
1.47192382812
1.27368164062
1.18530273438
1.46704101562
0.6572265625
1.71704101562
1.69702148438
1.63696289062
1.212890625
0.8671875
0.707275390625
0.86865234375
1.04125976562
0.85498046875
0.811767578125
0.8349609375
1.06420898438
0.755859375
0.837890625
1.17211914062
0.9892578125
1.5810546875
0.9560546875
0.841796875
0.882080078125
0.93408203125
1.18212890625
0.98291015625
0.887939453125
1.01000976562
0.863037109375
1.11181640625
1.08813476562
1.13916015625
1.1669921875
1.2939453125
0.918212890625
1.13916015625
1.18188476562
1.369140625
1.07983398438
1.01391601562
1.68090820312
1.67114257812
0.846923828125
0.911865234375
0.846923828125
1.5
1.61010742188
1.03515625
1.21313476562
1.18823242188
1.06494140625
1.01196289062
1.13403320312
0.77197265625
0.996826171875
1.5
1.02685546875
0.93798828125
0.698974609375
1.55322265625
0.938720703125
1.42919921875
0.989990234375
1.59106445312
0.93994140625
1.54321289062
1.2587890625
1.74194335938
1.61596679688
0.938232421875
1.76293945312
1.67895507812
1.22314453125
4.11010742188
1.0517578125
1.12890625
1.07983398438
1.16625976562
0.7470703125
0.81298828125
0.80908203125
0.8359375
1.05395507812
1.22778320312
0.687255859375
0.974853515625
3.88793945312
1.62890625
1.49291992188
1.90405273438
1.39770507812
0.85302734375
1.02587890625
3.43579101562
1.10009765625
1.11499023438
1.85400390625
1.90771484375
2.18530273438
1.06005859375
2.173828125
1.45703125
1.64111328125
1.82885742188
1.31616210938
1.24682617188
0.85498046875
1.625
1.3291015625
0.880126953125
0.89599609375
0.97802734375
0.691162109375
0.859130859375
14.2321777344
0.796875
1.60913085938
1.04809570312
3.06884765625
1.22485351562
1.333984375
1.75805664062
0.9541015625
0.885986328125
1.2529296875
1.22900390625
1.56298828125
1.10693359375
1.6748046875
1.46704101562
2.2900390625
1.82006835938
1.45190429688
1.34399414062
1.0458984375
1.06787109375
1.76611328125
1.09008789062
0.864990234375
1.24462890625
3.25708007812
0.8271484375
0.828125
1.2978515625
1.2421875
1.080078125
1.62719726562
0.727294921875
1.2080078125
1.0810546875
0.68505859375
1.27514648438
1.36010742188
1.52197265625
1.0478515625
1.48779296875
1.10913085938
1.31811523438
1.078125
1.39013671875
1.15893554688
1.30688476562
0.852783203125
0.69189453125
1.24291992188
4.453125
1.01098632812
1.09692382812
1.02392578125
1.64697265625
1.58911132812
1.27709960938
1.44897460938
1.47583007812
1.65307617188
1.09887695312
1.6796875
1.30615234375
0.784912109375
1.76806640625
1.47290039062
1.23193359375
1.21997070312
1.47119140625
1.72729492188
1.81591796875
1.09106445312
0.74609375
3.75903320312
1.03100585938
1.5419921875
0.7080078125
1.375
1.005859375
1.57299804688
0.687255859375
1.4248046875
1.1240234375
1.14794921875
1.02709960938
2.19311523438
1.53002929688
1.53491210938
1.23999023438
1.255859375
1.6689453125
1.11791992188
1.38623046875
1.25122070312
1.60498046875
1.22094726562
1.28491210938
0.97216796875
2.1689453125
1.64306640625
1.69580078125
0.927734375
3.29809570312
1.2060546875
1.59497070312
1.1572265625
1.71606445312
1.10620117188
1.125
1.74877929688
1.884765625
1.619140625
1.57885742188
1.72387695312
1.44970703125
1.72729492188
2.92504882812
2.61303710938
1.67895507812
1.93823242188
5.05297851562
1.67407226562
1.166015625
1.06298828125
1.68481445312
0.82421875
0.802978515625
0.870849609375
0.8330078125
1.46606445312
0.799072265625
1.32690429688
1.26293945312
1.1748046875
0.724609375
0.708740234375
0.996826171875
0.8740234375
1.51416015625
1.00903320312
1.09497070312
0.7548828125
1.74682617188
1.10522460938
4.29711914062
1.03979492188
1.04077148438
1.0
0.699951171875
0.941162109375
1.18383789062
1.47583007812
5.4619140625
1.14111328125
1.35400390625
1.23901367188
1.3828125
1.44213867188
1.29614257812
0.987060546875
1.17993164062
0.775146484375
0.867919921875
1.0859375
1.7890625
1.12182617188
1.09716796875
1.31518554688
0.974853515625
1.00073242188
1.1240234375
5.4560546875
1.291015625
1.1279296875
1.23583984375
1.28393554688
1.4951171875
1.51904296875
0.94287109375
1.2841796875
1.43896484375
1.8349609375
3.11010742188
1.61596679688
1.71899414062
0.884033203125
0.88232421875
0.904052734375
0.925048828125
0.741943359375
1.244140625
0.94482421875
1.70532226562
0.94189453125
1.201171875
1.24584960938
1.09008789062
0.724853515625
0.9677734375
1.05004882812
0.94384765625
1.09594726562
1.11694335938
1.51879882812
1.123046875
0.727783203125
1.75390625
0.76708984375
0.838134765625
1.14428710938
0.9990234375
1.08178710938
1.19897460938
1.26806640625
0.879150390625
0.93994140625
1.12622070312
0.81787109375
0.69189453125
1.3330078125
1.16088867188
0.97607421875
1.2470703125
1.30004882812
1.01904296875
1.876953125
1.21997070312
0.76513671875
0.7177734375
0.91796875
1.9091796875
1.01416015625
0.9580078125
1.20190429688
1.14819335938
0.669921875
1.3408203125
0.734130859375
0.658203125
1.26391601562
1.28784179688
1.54516601562
1.14892578125
1.05297851562
1.02294921875
1.31396484375
0.92822265625
0.9560546875
0.9580078125
1.6171875
1.57397460938
1.30688476562
1.56127929688
1.24096679688
1.16381835938
1.1962890625
1.0869140625
1.61401367188
1.75512695312
1.64819335938
2.04907226562
1.52709960938
2.18481445312
2.20629882812
1.3759765625
2.01708984375
1.24609375
1.7109375
1.61987304688
0.76513671875
0.94189453125
1.43603515625
1.02416992188
1.04174804688
0.784912109375
1.30615234375
0.885986328125
1.4521484375
0.850830078125
1.34008789062
1.89477539062
2.09692382812
1.32104492188
1.47778320312
0.955810546875
3.60717773438
2.6669921875
1.39282226562
1.56884765625
1.4140625
0.903076171875
0.928955078125
0.8671875
1.19799804688
3.36889648438
4.57104492188
2.14282226562
2.77001953125
2.92993164062
1.83984375
1.84619140625
2.3671875
1.89892578125
1.52880859375
1.216796875
1.498046875
1.24194335938
2.14404296875
2.12329101562
2.14208984375
2.01489257812
2.38671875
2.5087890625
1.94384765625
2.01513671875
1.9150390625
3.06787109375
2.044921875
1.97094726562
2.10595703125
2.15307617188
2.14892578125
1.669921875
4.94897460938
2.0380859375
2.08325195312
2.39526367188
2.42724609375
2.38012695312
2.64379882812
2.3310546875
2.328125
2.3759765625
2.00708007812
2.2900390625
2.30395507812
1.5390625
1.68920898438
1.72680664062
0.97509765625
1.03393554688
1.34301757812
3.46899414062
2.05810546875
2.04809570312
2.37915039062
1.69482421875
2.82421875
1.98461914062
1.83203125
4.716796875
2.01489257812
