24.785853
53.617074
32.368046
60.303467
25.785625
39.116428
46.345798
49.233914
43.727636
32.369699
43.135896
23.188436
27.628681
29.641781
29.962821
32.469458
35.297213
29.974411
40.798501
29.935931
40.557133
30.213315
41.390163
29.941721
41.284469
35.127915
42.414348
38.424206
44.372126
36.033881
39.508625
39.594947
30.204903
30.64247
29.436471
29.898139
29.639236
29.656829
29.651783
23.803514
29.980372
29.585561
29.777565
25.88448
32.329561
45.776781
27.237241
45.56221
28.548841
45.892387
28.479368
38.220457
28.452486
36.279426
25.337357
26.255064
22.388064
25.902177
22.562318
26.689921
22.418215
29.542827
22.421563
39.163323
24.583067
40.165686
25.847748
39.431513
24.906475
40.545392
23.335952
40.483372
24.774066
40.102908
24.976106
41.554492
24.552775
41.455521
24.610573
41.320574
24.697038
38.916065
25.090858
38.911954
25.032244
39.685463
25.322165
39.391303
24.505086
38.742565
25.531765
39.383767
25.872019
39.121447
25.202297
39.336807
24.320638
40.238627
25.085039
40.404528
31.793132
38.26157
34.915002
40.502653
34.975319
25.146173
36.120224
43.001843
42.804866
39.965394
39.483488
39.901699
39.541356
38.507912
39.241256
40.018231
39.977131
40.062615
27.449339
22.261522
31.478887
22.255596
30.695226
22.196917
30.992783
22.099716
30.947421
22.065296
31.710152
21.927923
31.678284
21.802162
32.138488
21.904519
32.920382
21.978181
35.147978
22.555584
30.117838
22.360419
34.804382
22.326006
26.302743
22.775175
26.983365
22.607654
28.128126
22.504473
27.9547
22.792888
27.617727
22.957879
27.514703
22.470221
42.726933
26.230647
43.125855
27.473628
39.431534
24.866224
39.774319
24.673549
38.192806
24.913184
40.350912
25.198215
42.096674
24.872973
41.552746
25.483145
39.073669
25.19145
38.686465
25.199868
39.306664
24.228476
39.957022
24.27377
39.615937
24.707014
38.513806
24.499241
36.485628
21.959091
37.386653
22.622763
30.406913
22.757559
31.019656
22.074619
40.944321
23.397925
40.173211
26.860918
36.566925
21.717558
30.299704
22.42581
25.809111
22.181822
33.76687
22.080525
34.897455
25.815824
29.877325
29.107077
35.243631
34.96701
35.477361
34.920073
36.236693
21.911164
34.238641
36.213278
21.258267
34.018259
35.308101
21.954711
34.706332
36.211589
22.631136
34.269691
35.756488
21.256636
34.695467
35.809276
35.543596
35.603976
35.262888
22.455948
33.73501
34.923393
35.437179
22.422416
33.986467
35.053316
35.90483
21.928843
22.88505
32.870888
25.431118
33.522978
32.50556
26.993366
26.446089
26.139307
26.030413
25.919819
26.498086
26.953172
26.461143
26.599424
26.395857
27.518042
27.019331
38.290017
26.42269
25.508303
21.849207
29.223513
22.281524
29.79601
22.059521
30.049896
21.887618
23.516164
32.106573
21.522303
35.626553
20.911245
36.718685
21.317761
36.094246
22.357097
37.995069
21.896138
37.588563
22.311696
28.584151
22.533887
28.558978
22.572377
29.472428
22.262319
30.256926
22.269007
38.098949
22.114819
25.183097
33.594984
22.161706
34.710514
22.438342
34.102922
21.48543
34.925934
37.436026
21.129253
35.215079
38.60685
22.318472
35.722928
30.328179
30.150454
38.242291
21.316119
37.580191
21.734264
36.517467
21.443502
37.276751
22.326056
36.524131
21.539006
37.342996
21.073977
36.786482
21.328631
36.041418
21.423477
36.44202
21.657214
36.103448
37.627974
27.688973
33.893435
35.023093
29.593948
31.664939
24.552049
33.118122
33.005847
32.67824
27.044557
35.265368
26.350574
25.473884
25.848462
26.917069
27.093137
27.604411
27.2607
26.756969
27.435086
39.278162
27.130805
21.559938
26.441041
25.909755
26.0095
26.335506
31.337173
22.874088
34.744078
28.292408
31.782248
22.174287
35.474925
22.189471
36.157921
22.125695
35.903174
22.429932
38.162698
24.329083
38.015158
22.207826
37.078154
22.03361
37.742737
21.228953
37.06054
22.598442
29.515274
27.49212
28.922669
29.552869
27.030177
27.174408
27.265748
27.19446
27.434992
27.596707
27.368685
28.414691
25.550941
33.909312
21.953042
33.279983
32.58517
35.256995
34.941021
34.981256
35.576298
25.807385
34.879784
36.075768
22.174329
34.742353
36.648257
21.156843
34.337659
36.493157
21.215622
35.622337
36.295369
22.053652
34.521173
35.054975
22.171917
34.524542
35.779925
22.408925
34.183394
35.712942
22.021015
33.753416
35.415406
35.28047
35.201676
25.80328
25.399314
27.22797
26.861855
26.90537
33.042742
26.687387
26.122585
25.928169
25.957506
26.502183
26.316993
25.540139
25.663384
25.875336
26.08654
25.639845
25.989362
25.827554
26.017031
26.274314
22.079679
31.24417
21.745165
31.991818
22.288331
35.610721
22.624325
35.261983
21.949669
36.323882
22.297544
25.42365
31.840062
22.400634
36.960016
21.746966
38.328708
22.182691
37.605374
22.432452
28.799505
26.560876
32.998268
22.526255
29.313199
22.694806
29.356814
22.159219
28.66697
22.035176
33.483601
22.188595
33.649509
22.093833
36.018822
21.356369
34.949409
37.466204
21.974868
34.985445
39.224523
21.108242
36.19984
38.879287
23.539562
34.091175
38.368041
22.184411
36.349031
21.707579
36.765536
20.969153
36.711075
22.283275
37.339715
30.015516
29.681988
29.69629
29.734794
29.697046
29.646714
29.661865
30.663418
29.695418
29.433883
40.345889
29.956903
39.88915
29.988705
40.45987
30.019761
40.324961
29.955181
29.719626
29.664409
29.664409
29.707075
29.701202
29.715541
29.486692
29.625759
30.627437
29.69124
29.655188
27.862478
29.629198
29.655136
29.660954
33.061119
29.665152
29.631775
29.626712
29.404615
29.944225
29.651779
29.67699
29.697128
29.639238
29.67522
29.659324
29.399571
29.892386
29.655123
29.648387
29.658464
29.676164
30.517564
29.724678
31.079863
29.577183
41.468967
30.012186
40.92165
29.9895
41.479864
29.966121
41.90979
29.9937
41.833517
30.1547
31.570194
40.339177
29.696167
30.458027
38.164387
29.232798
29.57558
37.429304
29.979488
29.084467
37.695845
29.981139
30.375047
41.049879
29.997982
43.544072
29.993725
43.570871
29.964446
43.461938
29.985344
42.846822
29.961923
42.786426
29.978648
44.345241
29.994558
29.581445
37.065627
29.98366
38.046123
30.003731
36.611345
29.965288
37.907856
29.980353
29.699549
29.640078
29.740683
29.675264
30.462213
29.680275
29.721356
29.625054
45.559669
29.722326
29.649407
30.144615
29.635946
29.661851
29.639219
29.690349
29.63087
29.63592
29.664369
45.47671
48.11004
30.014655
29.69542
48.288599
30.742927
43.730954
30.001311
29.699586
29.71129
30.015516
29.692895
29.652653
29.714649
29.673584
29.650161
29.632598
29.657651
29.386945
29.899066
29.638405
29.659334
29.664365
29.663571
30.645015
29.686152
30.429531
28.93272
29.69369
29.681093
29.630033
29.694578
29.693656
29.697822
29.668631
29.669408
29.662678
29.666033
29.669345
29.639285
29.351772
29.915834
29.668519
29.645894
30.551101
29.500087
29.372703
31.544192
32.487983
38.192819
29.956011
33.777705
40.643401
29.980409
43.002642
29.982869
43.562487
29.966166
43.482843
29.963638
29.54033
37.422607
29.987099
43.176142
29.983716
38.87
30.004636
29.68952
29.435616
29.698754
29.704561
29.677723
29.728035
29.672752
29.703003
29.955175
29.701241
29.68026
29.721303
29.6459
29.653475
30.096907
29.359359
29.848781
29.68113
29.681056
29.876352
31.602141
29.681177
30.069214
29.646733
29.636703
29.63086
29.614934
29.635065
29.640939
29.677817
29.65595
29.664334
29.671153
29.681116
29.602355
29.614888
30.721242
29.448975
29.857133
29.660969
29.438155
29.661065
29.667725
29.673565
29.666932
31.377473
29.682762
31.319593
29.643449
41.773981
29.998837
41.242618
29.979473
41.10186
29.956801
41.085919
30.996931
39.971316
30.012185
29.660948
40.469934
29.986228
41.337366
29.97782
31.976672
33.892624
29.754061
29.66185
29.640887
29.489236
30.026431
29.657601
29.654296
30.153008
41.068338
30.209126
42.596171
29.987916
29.600753
37.502237
29.741432
42.891186
29.847923
44.437459
29.985342
29.604829
37.750311
40.78003
37.172036
30.270295
37.207223
29.984573
36.613865
29.968581
29.688637
37.513155
30.73969
36.601279
29.990326
36.356534
29.998699
30.229183
29.66514
30.451283
29.653511
29.716416
30.184071
29.65345
29.704631
29.641733
29.675307
29.619993
29.616592
29.640845
30.526778
30.615671
29.636713
29.38779
33.006691
29.683583
29.681059
29.912484
29.640127
48.885248
29.790079
29.687775
29.694482
29.676116
29.754061
29.692804
29.714631
29.633369
29.656065
35.410379
29.602389
29.653479
29.663512
29.676915
29.635867
29.383679
29.856315
30.141278
29.480829
29.688625
29.680381
29.648532
29.667768
29.681968
29.691973
29.685339
29.690331
29.692059
29.681118
29.645965
30.673411
28.859802
29.669394
29.360093
28.869079
30.131166
29.99542
30.069122
29.987959
30.444719
41.075075
29.955196
29.804311
37.296045
29.963519
43.962313
29.981244
43.813111
29.964376
44.368769
29.734789
45.361938
29.978647
29.536127
37.039579
29.971865
37.230588
29.970267
35.574684
29.737288
29.692804
37.090709
30.02301
37.557555
30.005476
37.601938
29.996253
30.290485
29.693719
29.769116
30.629791
29.72384
29.451531
29.914085
29.680333
29.680401
29.689591
29.638435
29.698707
29.654256
29.657758
29.666097
29.68621
29.66187
29.687833
29.376985
29.918307
29.776681
29.74146
30.669281
29.670288
29.718067
29.699511
29.727223
29.642647
29.701265
29.716333
29.672763
29.641776
29.843742
29.64424
29.646019
29.666919
29.669451
29.638456
29.433867
29.536172
29.637553
29.680371
30.673441
29.686934
29.664333
29.67018
30.415316
29.696195
29.694576
29.019818
29.666898
29.686976
29.678658
30.017187
38.002585
29.972831
29.498504
37.446917
29.954297
29.411263
32.040432
32.124149
32.254083
36.732048
29.956812
31.451269
37.21895
29.97698
43.126691
29.998751
44.864048
29.973674
43.378988
29.945072
44.243864
38.626965
30.010546
36.101772
29.974405
29.693661
29.661078
30.660036
29.693684
29.700384
29.649243
29.698824
29.707987
29.419621
29.953493
29.667734
29.671154
29.715491
29.707113
35.096874
29.655949
29.683564
29.67932
29.631594
29.681114
29.660175
29.660255
30.635717
30.385136
28.969585
30.583784
29.620004
29.624984
29.62841
29.659474
29.656868
29.76072
29.88809
29.61322
29.675273
29.550465
29.992129
29.720562
29.726393
29.720503
29.701221
29.657705
29.717231
30.473958
28.909245
29.657611
29.650218
