927.682861328
83.2141113281
45.4519042969
42.4680175781
43.6818847656
51.50390625
27.9228515625
39.4370117188
74.0969238281
44.4719238281
51.0339355469
32.2661132812
62.0510253906
78.2431640625
41.369140625
52.9631347656
30.3039550781
61.9089355469
63.2778320312
36.1101074219
29.3542480469
28.6748046875
81.4060058594
52.6318359375
47.2583007812
27.2980957031
44.6459960938
97.3671875
47.7292480469
42.2868652344
25.4230957031
28.0900878906
64.3669433594
44.0969238281
36.7302246094
28.3088378906
30.287109375
91.0302734375
120.251220703
28.5690917969
28.7717285156
82.4379882812
52.3830566406
44.8229980469
30.0788574219
29.5969238281
82.1791992188
43.3837890625
47.4958496094
32.2512207031
79.7150878906
47.3269042969
34.5471191406
36.4479980469
30.5400390625
111.362060547
42.4719238281
33.7529296875
30.8449707031
26.7160644531
95.75
53.1179199219
47.41796875
36.7893066406
52.8210449219
46.7302246094
45.6948242188
41.9587402344
51.0971679688
39.4499511719
30.7099609375
30.8000488281
67.6840820312
52.4147949219
47.8452148438
30.5361328125
29.5080566406
85.4848632812
38.5651855469
40.4370117188
32.6809082031
40.7438964844
52.251953125
43.7709960938
30.8540039062
28.4797363281
91.6030273438
39.9921875
46.6831054688
31.1911621094
30.0231933594
72.1638183594
44.6396484375
47.5720214844
38.9929199219
86.9887695312
48.1071777344
32.2231445312
30.3420410156
29.3139648438
85.2719726562
38.9169921875
31.1730957031
28.4509277344
94.5549316406
45.6850585938
34.3547363281
28.0490722656
94.0141601562
39.7287597656
28.5949707031
38.2248535156
77.1530761719
42.0959472656
27.7570800781
27.0578613281
95.2729492188
46.8811035156
28.4370117188
27.8369140625
45.1958007812
55.1330566406
45.0349121094
28.3388671875
31.4040527344
91.4877929688
34.4401855469
31.2041015625
29.5390625
66.7150878906
33.8059082031
42.171875
37.451171875
27.4521484375
36.2478027344
43.1179199219
47.6018066406
32.6137695312
36.7248535156
89.1120605469
39.0029296875
29.1811523438
26.41796875
65.5568847656
59.0258789062
37.7641601562
28.7768554688
27.7888183594
96.5729980469
41.98828125
36.3100585938
39.888671875
80.9440917969
44.2839355469
41.1489257812
29.02734375
31.2153320312
100.750976562
45.0078125
29.0639648438
29.8239746094
85.912109375
47.1569824219
39.0710449219
62.0651855469
51.3393554688
54.7941894531
27.8210449219
47.1157226562
53.8562011719
41.9067382812
31.9211425781
29.8898925781
74.166015625
35.3410644531
43.8977050781
27.5278320312
39.283203125
94.5712890625
46.7829589844
30.2590332031
29.9609375
108.244140625
35.9909667969
31.0888671875
29.4948730469
87.3579101562
44.1081542969
37.7521972656
33.7932128906
56.8256835938
51.7587890625
40.0842285156
27.3129882812
32.1779785156
63.50390625
46.9069824219
40.2619628906
29.7858886719
24.748046875
81.666015625
40.1069335938
30.2270507812
32.6799316406
85.6059570312
46.2780761719
27.7458496094
27.1362304688
83.6000976562
37.8071289062
40.0209960938
29.1650390625
69.6208496094
36.2009277344
38.49609375
31.5009765625
30.333984375
76.705078125
36.0988769531
43.9528808594
29.2451171875
29.8151855469
56.8459472656
59.4948730469
39.6501464844
28.3940429688
26.904296875
82.0100097656
47.7380371094
40.4599609375
30.4050292969
61.3908691406
42.8349609375
34.75390625
29.7849121094
81.173828125
44.208984375
39.5830078125
29.0280761719
30.9389648438
88.8737792969
50.7160644531
35.455078125
31.6960449219
29.3122558594
71.8969726562
40.5771484375
31.4421386719
37.4702148438
83.5251464844
40.5290527344
49.1259765625
29.2353515625
42.0678710938
93.0478515625
50.58984375
28.0170898438
85.0480957031
51.0471191406
46.4262695312
41.3791503906
35.8962402344
80.4108886719
40.8959960938
45.3940429688
30.6826171875
106.666015625
54.2312011719
33.3002929688
27.87890625
92.7739257812
72.1389160156
32.4699707031
29.6650390625
78.9033203125
43.4978027344
40.5061035156
30.5859375
72.6721191406
47.1970214844
40.5549316406
33.1938476562
26.3061523438
113.218994141
50.2287597656
27.9018554688
29.1928710938
57.837890625
41.1491699219
36.3159179688
31.2299804688
30.9838867188
77.3283691406
42.2839355469
38.0141601562
28.04296875
30.7299804688
55.8090820312
70.5629882812
42.1369628906
29.25
54.9128417969
48.2429199219
37.669921875
27.9501953125
39.4916992188
70.7590332031
41.3330078125
26.4599609375
28.9699707031
95.0480957031
48.3010253906
31.5478515625
32.9541015625
79.6499023438
40.1669921875
34.0480957031
36.5588378906
36.3310546875
70.8830566406
43.9311523438
28.5703125
27.7749023438
109.4609375
44.3469238281
32.919921875
30.0148925781
56.7021484375
49.7939453125
35.1030273438
39.66796875
84.5202636719
37.4409179688
36.4611816406
39.9731445312
43.3859863281
49.8361816406
37.3352050781
31.1379394531
31.4299316406
90.5920410156
46.1550292969
37.5061035156
27.7780761719
58.3459472656
66.095703125
47.2878417969
39.548828125
37.1958007812
54.3728027344
27.4348144531
28.9350585938
85.3061523438
59.6899414062
30.6579589844
77.3249511719
43.7602539062
54.1569824219
30.9482421875
69.8449707031
36.908203125
49.5419921875
34.3811035156
86.669921875
50.6970214844
36.4599609375
28.5900878906
52.8979492188
54.3818359375
48.6030273438
41.2431640625
38.9050292969
74.0788574219
38.1120605469
44.5891113281
34.9392089844
33.9392089844
76.5830078125
47.6108398438
42.6530761719
28.9499511719
27.5461425781
80.58984375
51.7880859375
29.87109375
38.1728515625
114.046875
67.458984375
31.6171875
43.0759277344
107.562011719
33.1860351562
63.5029296875
36.5419921875
83.5061035156
37.2951660156
46.875
32.623046875
46.3422851562
77.2919921875
46.5070800781
37.6489257812
38.8649902344
84.87109375
37.0642089844
55.7690429688
50.9309082031
45.2370605469
66.0400390625
43.0617675781
55.4367675781
39.0561523438
79.3608398438
48.9470214844
50.29296875
41.0559082031
132.175048828
49.0161132812
43.6811523438
46.4812011719
112.049072266
51.8889160156
56.8449707031
41.0571289062
117.838134766
39.5830078125
36.6220703125
22.3447265625
24.7980957031
55.8249511719
38.3701171875
21.7573242188
23.376953125
57.8269042969
36.8432617188
22.4741210938
36.7700195312
75.1689453125
34.5578613281
22.6359863281
22.6381835938
52.7292480469
27.9128417969
45.2419433594
24.8120117188
29.7651367188
42.6611328125
35.7529296875
21.7448730469
23.4299316406
54.8779296875
34.7690429688
51.6789550781
41.8469238281
125.177978516
68.3349609375
71.9389648438
42.9279785156
30.171875
92.248046875
30.8740234375
34.11328125
23.0710449219
23.2580566406
46.3720703125
27.0769042969
28.6970214844
23.0209960938
24.3579101562
55.6760253906
34.2211914062
22.2858886719
21.8278808594
71.3491210938
28.4567871094
20.1391601562
20.8588867188
68.7788085938
39.9350585938
22.1049804688
21.5031738281
62.7998046875
31.1118164062
21.2229003906
21.6208496094
47.6560058594
34.0751953125
30.8168945312
22.3388671875
28.0109863281
48.1560058594
34.2587890625
21.4760742188
22.8928222656
36.376953125
32.2111816406
21.87109375
22.79296875
58.5158691406
33.7690429688
33.1040039062
24.6499023438
24.2858886719
49.3110351562
36.9799804688
31.4780273438
20.537109375
27.3630371094
55.869140625
38.2878417969
22.4660644531
23.4680175781
73.0969238281
41.2939453125
23.9438476562
22.1501464844
73.3071289062
34.7548828125
24.9858398438
21.919921875
75.3781738281
36.458984375
25.9130859375
21.6520996094
57.3393554688
35.69921875
23.5559082031
28.4020996094
39.2458496094
42.0847167969
21.6379394531
21.5603027344
72.2687988281
36.12109375
29.6042480469
19.9729003906
25.3598632812
55.0249023438
34.7080078125
21.0998535156
22.8449707031
72.4189453125
31.3571777344
22.4489746094
21.4931640625
58.9448242188
33.7702636719
24.0070800781
22.6176757812
46.4301757812
34.3049316406
28.0419921875
21.1721191406
22.0888671875
58.376953125
37.1408691406
21.6831054688
22.6401367188
52.9731445312
33.2409667969
19.7658691406
20.91015625
54.365234375
37.5712890625
28.8679199219
19.4609375
22.1079101562
58.7849121094
30.0661621094
20.9580078125
21.4187011719
44.1442871094
30.5627441406
28.9711914062
22.029296875
19.6577148438
48.2380371094
33.1730957031
31.1430664062
21.4677734375
23.5139160156
43.197265625
30.5681152344
37.0559082031
21.7138671875
21.4123535156
43.8146972656
32.2878417969
28.6701660156
20.3388671875
26.3020019531
52.0729980469
34.416015625
23.830078125
21.3032226562
71.8259277344
35.5388183594
26.0600585938
20.8840332031
55.51171875
30.2592773438
30.375
25.9389648438
67.3559570312
32.1870117188
39.8728027344
23.6818847656
23.8391113281
60.4948730469
35.1931152344
24.4919433594
24.1499023438
75.7280273438
34.6838378906
23.8559570312
23.5949707031
61.6350097656
35.5729980469
23.5500488281
22.5620117188
54.8779296875
38.8249511719
36.740234375
24.7839355469
33.2768554688
55.5439453125
33.0268554688
22.083984375
24.1889648438
54.7758789062
30.6630859375
29.8518066406
22.3869628906
51.0717773438
37.4047851562
20.7048339844
25.4118652344
64.3688964844
36.9978027344
42.2019042969
23.5048828125
24.6999511719
58.1540527344
34.1420898438
27.7739257812
20.3349609375
24.7700195312
36.6540527344
34.2570800781
22.6440429688
20.0952148438
72.4958496094
35.6579589844
24.7822265625
22.294921875
38.4147949219
33.3149414062
25.1860351562
58.9699707031
34.8999023438
20.6772460938
24.2561035156
54.5119628906
37.9829101562
22.421875
19.5739746094
54.0490722656
39.2648925781
34.9252929688
23.0439453125
25.5559082031
66.5681152344
32.6350097656
22.0522460938
20.3532714844
68.587890625
34.9580078125
29.4577636719
22.9528808594
71.1311035156
35.9260253906
22.3090820312
23.5229492188
57.0480957031
35.8227539062
22.8090820312
21.9477539062
61.4230957031
33.4228515625
28.7448730469
25.0380859375
47.712890625
38.3701171875
38.3400878906
24.9770507812
23.9138183594
74.4860839844
39.4130859375
25.9799804688
23.8640136719
38.3830566406
34.2868652344
33.1318359375
25.2006835938
24.9379882812
63.7770996094
38.8728027344
23.5551757812
24.25
56.1850585938
35.7941894531
23.0859375
21.6901855469
65.0651855469
34.0139160156
34.0729980469
20.7978515625
22.1721191406
64.9670410156
32.5729980469
29.6108398438
22.2941894531
28.3571777344
36.4460449219
32.037109375
23.2758789062
20.8088378906
54.2141113281
36.3217773438
23.04296875
21.9089355469
53.3110351562
35.1247558594
28.41796875
22.9150390625
19.6918945312
66.6030273438
32.6740722656
20.9912109375
19.6540527344
51.7412109375
34.8520507812
20.5090332031
22.884765625
73.6589355469
34.1899414062
20.6430664062
20.4221191406
44.6569824219
32.2111816406
30.7951660156
21.0280761719
58.3620605469
29.2810058594
32.2722167969
20.3569335938
19.9270019531
60.8239746094
39.19921875
31.6579589844
24.1640625
26.994140625
55.9672851562
30.0048828125
21.6782226562
20.6240234375
75.5239257812
38.55078125
21.0197753906
22.3552246094
47.6708984375
34.5739746094
23.1020507812
21.658203125
41.5090332031
36.3127441406
28.6420898438
20.9519042969
30.1259765625
51.4191894531
32.6120605469
21.9809570312
22.6650390625
55.5830078125
41.2409667969
32.9440917969
25.8059082031
50.2700195312
34.2331542969
31.7731933594
22.1328125
46.8579101562
39.8510742188
34.9782714844
24.7761230469
23.3601074219
74.2160644531
36.3930664062
23.6782226562
21.1501464844
63.3549804688
35.4990234375
24.3940429688
22.3859863281
63.74609375
37.9809570312
32.2961425781
20.8088378906
20.3820800781
74.4370117188
34.3701171875
23.5141601562
22.0439453125
52.9301757812
36.5639648438
33.3459472656
23.1499023438
21.4460449219
60.2651367188
38.1171875
22.8059082031
22.62890625
79.5400390625
36.0798339844
25.6840820312
21.3977050781
71.7854003906
35.8347167969
21.3298339844
22.0498046875
55.9780273438
32.1789550781
26.6157226562
22.4880371094
21.1867675781
69.8029785156
32.7719726562
20.1999511719
22.7287597656
73.8259277344
33.7160644531
27.6169433594
18.6140136719
21.0598144531
71.2729492188
33.4279785156
21.6586914062
21.5859375
49.6252441406
34.4489746094
33.3010253906
20.8540039062
33.3859863281
49.4970703125
35.0148925781
24.1320800781
20.8879394531
72.1650390625
39.095703125
23.203125
22.548828125
66.796875
36.0458984375
22.3659667969
22.5598144531
49.8271484375
38.1350097656
22.5407714844
22.7951660156
75.1237792969
33.5439453125
27.1181640625
23.5168457031
59.9301757812
33.1010742188
35.0849609375
24.388671875
23.1821289062
36.9443359375
58.7700195312
33.5280761719
23.833984375
23.0178222656
51.6140136719
43.0930175781
32.1240234375
24.2331542969
76.158203125
37.2912597656
23.9030761719
24.3239746094
77.6721191406
33.6411132812
22.6430664062
21.1647949219
55.45703125
31.0849609375
29.9538574219
22.8889160156
22.8901367188
72.8156738281
31.3039550781
24.41015625
22.7961425781
56.0461425781
39.0861816406
22.4821777344
21.7758789062
68.9499511719
81.8349609375
36.5729980469
31.4130859375
138.654785156
39.4660644531
59.7060546875
39.4580078125
41.5979003906
91.5910644531
22.1298828125
79.4580078125
21.953125
21.6020507812
70.8178710938
34.7641601562
19.5578613281
20.498046875
67.8737792969
36.3720703125
27.0817871094
20.0979003906
22.2219238281
57.4770507812
26.3068847656
30.1779785156
23.3901367188
48.291015625
37.2231445312
29.6730957031
21.1999511719
59.4189453125
39.3291015625
31.1201171875
22.8178710938
21.9392089844
71.7612304688
35.2668457031
21.4948730469
20.666015625
43.3342285156
36.5930175781
25.5871582031
23.5661621094
20.0979003906
71.4602050781
39.0270996094
23.0358886719
22.611328125
78.1728515625
36.1511230469
22.9079589844
23.0078125
75.5720214844
36.7321777344
23.9086914062
23.9641113281
46.3408203125
35.2868652344
29.9399414062
24.0617675781
24.9538574219
63.8251953125
38.6669921875
22.9079589844
22.1081542969
71.3229980469
32.4001464844
23.2192382812
24.9089355469
53.8950195312
37.9731445312
24.8630371094
24.8649902344
52.4799804688
40.6491699219
31.2099609375
22.412109375
35.0561523438
42.6440429688
33.0852050781
26.3000488281
27.41015625
36.5739746094
31.5739746094
22.4150390625
21.1040039062
53.544921875
34.4519042969
21.740234375
23.7299804688
58.0708007812
