2206.51489258
1636.28515625
1420.15917969
1409.56591797
1401.68725586
1421.16088867
1406.55981445
1435.78491211
1400.89282227
1398.62792969
1399.55322266
1386.0390625
1403.64282227
1400.67919922
1407.27490234
1406.91186523
1400.01416016
1419.83984375
1406.29321289
1404.32910156
1402.01416016
1406.88793945
1407.57299805
1400.12817383
1458.28295898
1416.46704102
1398.38696289
1378.28393555
1409.26293945
1408.03808594
1401.44116211
1429.1550293
1408.02612305
1400.64013672
1405.61108398
1397.74902344
1401.81713867
1422.95117188
1458.58691406
1397.48803711
1418.97070312
1410.53417969
1438.08007812
1554.07714844
1405.81396484
1381.26416016
1410.48901367
1407.96484375
1430.0690918
1402.44604492
1397.11694336
1406.0
1398.55419922
1383.78100586
1398.12988281
1406.1081543
1416.078125
1407.28100586
1413.26904297
1399.85693359
1411.63500977
1411.43603516
1387.39306641
1391.89697266
1381.61816406
1404.26904297
1413.95092773
1393.75
1402.96801758
1395.61206055
1401.53100586
1389.53100586
1373.81005859
1461.36401367
1402.03735352
1406.5300293
1404.75976562
1406.27416992
1379.25878906
1400.27124023
1399.2121582
1419.77490234
1400.40185547
1414.21508789
1403.90893555
1416.64819336
1399.86303711
1382.36010742
1434.02416992
1397.87207031
1462.71386719
1400.31396484
1407.93408203
1395.47900391
1402.08422852
1408.44628906
2670.75024414
1408.10986328
1378.38232422
1379.6730957
1394.10693359
1399.65112305
1404.07714844
1389.48413086
1403.91699219
1382.21191406
1397.46289062
1407.73925781
1403.5559082
1408.15722656
1408.25976562
1402.00415039
1397.84912109
1404.88891602
1404.25390625
1408.08691406
1403.25
1401.96923828
1401.79931641
1377.51196289
1397.42700195
1385.94287109
1376.78710938
1388.97900391
1377.0949707
1402.47973633
1396.4621582
1397.92407227
1391.18798828
1408.83984375
1394.85595703
1404.61303711
1411.64306641
1402.44604492
1404.25024414
1408.80615234
1401.80517578
1397.70507812
1378.27392578
1384.81689453
1385.03393555
1409.22119141
1377.63793945
1397.59082031
1402.63378906
1396.28295898
1407.66577148
1398.6730957
1374.51977539
1400.10595703
1410.97900391
1398.65478516
1408.125
1408.31713867
1405.50390625
1418.88989258
1395.62304688
1382.18896484
1376.86010742
1386.84521484
1381.50415039
1400.82983398
1407.06982422
1398.93237305
1388.2487793
1398.0300293
1413.01293945
1958.34814453
1380.35595703
1457.67602539
1403.81982422
1405.33496094
1396.99291992
1386.71386719
1378.08007812
1388.71411133
1401.9309082
1408.35083008
1405.81201172
1412.66113281
1405.15209961
1404.64208984
1385.97094727
1403.375
1405.0300293
1384.89306641
1402.74365234
1399.90991211
1404.04467773
1403.78686523
1403.20800781
1402.02514648
1411.75
1411.39233398
1409.17016602
1404.7199707
1409.13500977
1404.23803711
1414.71923828
1419.58496094
1404.7878418
1413.58203125
1382.82177734
1408.07104492
1386.65600586
1397.59716797
1405.96777344
1498.7590332
1418.36230469
1403.18676758
1406.80517578
1412.59179688
1395.46289062
1408.59692383
1407.74584961
1402.47705078
1406.14404297
1414.63598633
1412.23095703
1384.09033203
1410.8449707
1385.69775391
1405.53710938
1403.12524414
1676.25610352
1405.61791992
1411.83032227
1403.76708984
1405.03369141
1418.91503906
1402.8659668
1398.15722656
1390.18701172
1377.01391602
1415.43798828
1403.16699219
1409.7409668
1394.13085938
1406.578125
1405.86401367
1387.17797852
1407.69726562
1403.23803711
1410.24633789
1410.76196289
1412.76904297
1378.27905273
1387.14868164
1410.75805664
1408.66503906
1399.65478516
1387.30981445
1408.30419922
1409.51098633
1402.67211914
1385.19702148
1400.05322266
1408.52490234
1403.32495117
1405.3359375
1406.30517578
1399.68212891
1407.81396484
1399.4440918
1398.5690918
1410.34106445
1400.95727539
1403.20800781
1407.5378418
1405.27685547
1403.47998047
1456.24487305
1412.63623047
1408.15673828
1405.62109375
1406.13525391
1404.8527832
1405.56689453
1410.41723633
1404.76977539
1411.65527344
1405.60302734
1404.69726562
1377.07177734
1401.98120117
1409.27001953
1401.6550293
1407.05712891
1404.77294922
1407.44628906
1396.79785156
1380.7331543
1395.79980469
1402.90698242
1401.125
1378.18115234
1401.64624023
1405.06591797
1408.69995117
1403.78613281
1400.81591797
1387.08984375
1410.30419922
1406.61694336
1407.01489258
1378.69702148
1410.6640625
1378.34912109
1401.62695312
1402.23291016
1401.87988281
1397.75512695
1404.74194336
1393.32885742
1396.09790039
1399.54907227
1404.02832031
1406.96777344
1415.74682617
1386.93994141
1400.59106445
1414.38208008
1402.13598633
1402.90307617
1396.66210938
1391.36376953
1396.71484375
1396.62475586
1392.08813477
1403.83691406
1413.13085938
1409.72998047
1422.91088867
1404.95922852
1401.08789062
1431.73608398
1376.81298828
1404.14916992
1403.38208008
1377.52905273
1476.32202148
1402.00415039
1396.42993164
1409.42797852
1405.63305664
1388.93212891
1385.27294922
1397.58007812
1408.77807617
1400.94116211
1407.10107422
1409.4050293
1413.97290039
1401.30810547
1402.4831543
1382.89086914
1396.375
1443.68896484
1380.85205078
1370.98095703
1379.68896484
1376.91088867
1399.02001953
1401.80908203
1400.64208984
1398.19311523
1410.78808594
1401.19873047
1398.15722656
1380.56689453
1413.70385742
1406.11401367
1388.43603516
1400.07617188
1402.98193359
1402.65893555
1403.64208984
1395.02685547
1402.38305664
1402.53686523
1399.40600586
1408.45288086
1378.94897461
1415.37792969
1387.40527344
1410.40307617
1408.7668457
1402.16088867
1393.6940918
1396.28710938
1402.40112305
1413.72509766
1413.09301758
1400.07324219
1396.00488281
1407.59008789
1393.72314453
1385.56494141
1395.11694336
1393.99414062
1398.37011719
1409.08691406
1398.79614258
1396.44726562
1402.81689453
1386.26708984
1407.46289062
1405.69702148
1400.32788086
1405.19897461
1394.05004883
1412.01196289
1399.5612793
1402.6550293
1402.90087891
1508.96704102
1439.91503906
1374.30786133
1407.39990234
1412.30102539
1427.69775391
1392.85205078
1378.35644531
1404.03564453
1423.81787109
1392.75195312
1406.45581055
1405.24780273
1395.34106445
1412.26782227
1411.125
1412.62207031
1403.78808594
1407.68969727
1394.01196289
1398.8112793
1399.66503906
1415.29931641
1409.54003906
1381.17822266
1386.52587891
1405.41601562
1382.19702148
1410.73779297
1401.45532227
1411.74414062
1413.09204102
1391.13208008
1400.64599609
1385.15405273
1393.05395508
1399.00097656
1399.02392578
1390.85913086
1406.6159668
1399.85913086
1416.35205078
1442.73413086
1457.44189453
1401.77709961
1397.97607422
1404.55615234
1398.85083008
1383.65307617
1398.98681641
1400.3137207
1390.88208008
1404.91015625
1402.65209961
1405.57397461
1400.90405273
1403.88793945
1408.72680664
1465.2890625
1421.50097656
1379.58984375
1404.84326172
1408.05883789
1392.33276367
1403.30200195
1390.52099609
1408.05566406
1406.27709961
1404.17480469
1393.81811523
1375.68505859
1378.8359375
1395.57202148
1404.76416016
1404.12084961
1389.87475586
1417.37109375
1404.04223633
1404.65576172
1459.31298828
1399.27685547
1403.92773438
1394.24609375
1400.86010742
1403.47705078
1395.15478516
1389.78686523
1402.32177734
1409.76098633
1398.94970703
1393.52099609
1400.01196289
1393.67895508
1382.87597656
1410.44580078
1388.08886719
1390.14086914
1402.12915039
1384.73120117
1407.55102539
1396.59106445
1377.94213867
1401.49511719
1411.75512695
1404.6550293
1379.94897461
1403.078125
1403.1340332
1386.60400391
1404.703125
1398.89599609
1409.76000977
1408.26098633
1402.36303711
1408.17822266
1405.30493164
1411.86987305
1403.64379883
1403.26123047
1409.23876953
1504.55004883
1387.03173828
1391.60693359
1386.63305664
1403.30200195
1404.17993164
1433.70483398
1398.70483398
1383.79418945
1399.93896484
1375.11889648
1401.29589844
1396.26098633
1390.13183594
1393.35888672
1384.6730957
1407.62207031
1405.578125
1383.42602539
1382.90625
1406.54492188
1411.86914062
1844.76391602
1394.72875977
1399.95288086
1400.02294922
1401.22314453
1424.72705078
1409.47900391
1403.23901367
1408.29492188
1413.10400391
1375.77197266
1401.89404297
1414.14892578
1411.36767578
1411.26196289
1410.59936523
1411.1340332
1416.41674805
1411.93920898
1412.16699219
1430.43579102
1415.52709961
1486.60400391
1396.05126953
1458.50488281
1402.61914062
1436.62011719
1431.93017578
1409.33081055
1407.1418457
1400.74902344
1425.65112305
1419.51977539
1479.58300781
1473.64208984
1472.03808594
1473.64208984
1456.7980957
1472.65332031
1407.0480957
1405.15893555
1417.88598633
1393.83618164
1409.79296875
1452.20117188
1416.21289062
1392.10205078
1384.54711914
1408.7890625
1450.32617188
1395.51708984
1403.32714844
1407.54199219
1387.32006836
1389.14526367
1404.19116211
1395.97680664
1416.01489258
1404.62255859
1404.86376953
1398.31298828
1422.79296875
1445.83496094
1466.53198242
1479.58886719
1469.97412109
1522.51098633
1465.11181641
1486.27392578
1491.50390625
1465.28320312
1464.82519531
1481.42602539
1467.07104492
1487.13305664
1450.20410156
1465.04614258
1482.14892578
1492.50610352
1466.2722168
1483.37182617
1478.30908203
1457.25292969
1468.44311523
1448.60400391
1483.57202148
1460.87109375
1472.375
1464.23022461
1511.18676758
1449.12695312
1444.93774414
1445.5859375
1483.31396484
1447.01513672
1427.15600586
1455.66699219
1459.91674805
1478.88916016
1454.28198242
1438.61499023
1464.25488281
1449.35498047
1476.84692383
1503.55297852
1458.34887695
1497.33520508
1487.86303711
1475.15600586
1449.95996094
1448.86987305
1505.48706055
1479.02075195
1468.98706055
1460.69213867
1493.52368164
1465.20410156
1465.75292969
1448.11816406
1490.17114258
1472.71313477
1445.68017578
1474.36816406
1480.56787109
1448.57470703
1463.94702148
1471.75097656
1484.62890625
1474.13208008
1474.13793945
1482.68603516
1469.5769043
1462.53393555
1606.41870117
1484.6730957
1465.05297852
1438.82788086
1478.99707031
1463.67285156
1447.90698242
1467.53491211
1471.86889648
1477.25317383
1477.421875
1476.15917969
1479.35888672
1487.85668945
1445.20996094
1469.77807617
1473.18701172
1467.52685547
1461.84912109
1478.46289062
1490.5949707
1491.87207031
1445.93188477
1552.27905273
2291.28491211
2182.82324219
2070.90576172
2033.75195312
2090.28295898
2206.01196289
2091.67895508
2151.12304688
2088.13989258
1980.9597168
2265.72802734
2113.65478516
1905.25
1994.21801758
1907.5859375
1785.38598633
1595.6862793
2431.4309082
2151.68505859
1399.21166992
1520.95605469
1372.39501953
1365.28295898
1368.00610352
1355.45483398
1351.50708008
1361.32299805
1350.73510742
1369.01318359
1375.45385742
1357.77490234
1382.30395508
1373.5859375
1357.57104492
1360.33203125
1358.45507812
1359.80615234
1372.24609375
1359.26123047
1390.45678711
1390.64599609
1395.45019531
1377.94799805
1368.14404297
1370.8269043
1375.48999023
1356.02368164
1368.4453125
1361.22290039
1359.8371582
1368.89086914
1363.0949707
1370.59106445
1384.57885742
1350.875
1378.55517578
1372.51489258
1368.80419922
1364.42089844
1361.11108398
1358.16796875
1363.75488281
1376.46386719
1374.94311523
1370.93408203
1357.00805664
1372.75585938
1375.51098633
1396.09790039
1385.19287109
1362.62426758
1357.13110352
1356.59008789
1364.0012207
1366.77807617
1379.73608398
1348.66992188
1351.78710938
1366.05078125
1363.44897461
1399.75805664
1380.26000977
1375.38500977
1362.97412109
1372.47290039
1358.79199219
1361.39794922
1348.02026367
1355.23706055
1349.14086914
1378.21582031
1385.62304688
1383.78222656
1370.92211914
1349.97485352
1364.19384766
1354.81103516
1361.7590332
1354.42724609
1357.48608398
1360.70581055
1350.68383789
1356.78686523
1364.26220703
1344.06201172
1361.1640625
1357.54516602
1364.04711914
1362.12915039
1356.86791992
1359.79101562
1368.20776367
1384.93701172
1413.30297852
1384.51025391
1361.68994141
1353.61010742
1371.16210938
1375.14672852
1352.56323242
1361.20288086
1371.69824219
1377.01806641
1365.16992188
1364.01196289
1368.80395508
1354.94189453
1365.18505859
1369.29589844
1354.20800781
1367.75097656
1364.9309082
1378.0090332
1354.4921875
1359.03369141
1373.19116211
1380.87792969
1365.71362305
1354.22900391
1367.76879883
1361.18408203
1356.70703125
1365.51098633
1382.41479492
1381.05517578
1361.74389648
1363.94995117
1358.37719727
1361.1237793
1360.64404297
1365.86230469
1369.12597656
1370.14794922
1358.50195312
1361.88793945
1352.47412109
1358.84667969
1361.67871094
1363.60107422
1375.44506836
1527.65283203
1371.55517578
1353.58276367
1350.37719727
1362.93603516
1370.89794922
1379.35083008
1377.63183594
1354.56225586
1363.88305664
1347.51586914
1357.14013672
1361.69702148
1366.79882812
1361.0390625
1369.32519531
1384.08007812
1382.14501953
1363.14501953
1361.2277832
1365.57373047
1379.85400391
1366.00683594
1367.35424805
1375.20581055
1379.64526367
1363.51489258
1360.76782227
1360.97583008
1355.07080078
1346.44311523
1359.99804688
1356.38208008
1359.68286133
1380.83300781
1358.85009766
1377.20214844
1361.32421875
1357.97705078
1356.44799805
1358.55615234
1387.78491211
1383.50488281
1365.46606445
1342.84692383
1374.38964844
1386.97290039
1361.62988281
1372.18798828
1354.75170898
1369.85302734
1361.22607422
1363.57080078
1368.34008789
1362.06420898
1358.90478516
1353.18579102
1362.87402344
1368.55517578
1361.86987305
1356.43115234
1368.38891602
1374.78173828
1355.54101562
1358.79199219
1362.66699219
1356.38623047
1361.64990234
1362.17993164
1364.32006836
1360.22583008
1360.4440918
1367.14013672
1368.4699707
1361.80493164
1343.22900391
1346.75292969
1355.18310547
1347.98828125
1365.50683594
1350.04785156
1359.69287109
1363.76220703
1363.57006836
1370.76000977
1354.68896484
1362.64599609
1366.73901367
1356.56616211
1359.02832031
1357.58984375
1367.57177734
1355.27685547
1367.54711914
1358.12207031
1359.17407227
1372.42285156
1380.03515625
1363.53271484
1359.76391602
1347.52392578
1368.32104492
1355.55004883
1354.20581055
1349.03271484
1377.22412109
1358.86694336
1355.38867188
1354.42724609
1343.42919922
1364.09204102
1349.37011719
1339.95605469
1356.60107422
1357.453125
1345.14599609
1364.94799805
1362.09594727
1344.09716797
1360.52514648
1351.49389648
1354.58007812
1359.89086914
1381.08911133
1377.12792969
1379.51391602
