957.172119141
145.923095703
143.806884766
105.322998047
86.1149902344
113.059814453
149.019042969
51.7922363281
120.668945312
52.791015625
169.896972656
80.2961425781
65.7048339844
48.5119628906
88.0061035156
69.9331054688
82.7351074219
53.4909667969
45.1870117188
75.5427246094
65.3078613281
128.019775391
46.1550292969
109.282958984
57.1669921875
44.0988769531
117.213134766
63.8039550781
32.1169433594
92.4299316406
41.9228515625
53.4489746094
33.3498535156
90.4318847656
56.71484375
34.2290039062
77.6879882812
50.5612792969
54.9809570312
41.70703125
121.067871094
72.1520996094
49.5659179688
104.165771484
54.2399902344
59.6037597656
55.6049804688
102.419921875
77.4680175781
47.0317382812
70.6279296875
109.910888672
88.8781738281
73.4428710938
64.5139160156
63.9768066406
40.4897460938
79.8312988281
116.563964844
48.9309082031
36.8581542969
116.357910156
80.1789550781
61.501953125
101.009765625
84.626953125
58.412109375
44.1560058594
105.433837891
77.5651855469
57.7241210938
73.2041015625
64.8928222656
53.7009277344
41.6540527344
75.7907714844
65.6840820312
61.126953125
37.9699707031
103.345703125
52.8190917969
51.3098144531
80.0869140625
55.955078125
58.2290039062
41.2412109375
70.4770507812
61.8479003906
57.3649902344
39.4091796875
99.4938964844
75.2580566406
49.5979003906
108.880126953
48.4519042969
61.2729492188
51.4870605469
74.3039550781
58.8571777344
40.9528808594
67.6511230469
69.1721191406
51.912109375
59.5317382812
58.4167480469
39.005859375
87.8000488281
63.5061035156
41.9230957031
42.2602539062
99.0952148438
63.8718261719
40.5739746094
64.1538085938
51.2153320312
39.046875
59.66796875
76.2331542969
55.9228515625
34.37890625
78.7897949219
66.79296875
41.6437988281
43.2661132812
60.9130859375
56.0959472656
36.3640136719
107.877197266
64.5668945312
41.3381347656
103.954101562
59.48828125
35.8291015625
104.514892578
58.2900390625
44.1311035156
37.3020019531
75.9909667969
63.9729003906
42.7109375
97.919921875
57.4638671875
46.7878417969
45.4541015625
112.774902344
62.4069824219
32.7639160156
111.156005859
76.3129882812
39.2858886719
64.2258300781
54.2431640625
60.9318847656
49.8308105469
71.421875
61.6796875
45.1389160156
42.4020996094
105.993896484
71.4848632812
44.6333007812
75.4538574219
57.2370605469
45.2189941406
47.0009765625
94.1899414062
56.0739746094
37.328125
103.415771484
70.9260253906
42.3989257812
49.3420410156
69.5942382812
51.4792480469
46.955078125
97.4509277344
60.3901367188
44.7622070312
37.1579589844
72.5
54.3637695312
52.0639648438
39.8278808594
63.5341796875
45.1879882812
61.3369140625
45.0288085938
94.9189453125
55.2651367188
47.6579589844
37.6967773438
115.802001953
66.4240722656
34.3188476562
49.5817871094
65.4279785156
59.3969726562
38.2380371094
80.2058105469
56.8530273438
34.4599609375
53.4030761719
82.3728027344
60.001953125
35.37109375
110.626220703
60.9851074219
44.3349609375
47.2800292969
70.7719726562
54.046875
46.5991210938
101.357177734
58.1198730469
34.5598144531
57.0109863281
79.2990722656
67.0710449219
41.4099121094
85.880859375
58.7221679688
56.1608886719
47.25390625
86.3151855469
50.3669433594
44.6909179688
43.5520019531
117.682861328
59.7141113281
36.083984375
76.87890625
59.0866699219
62.4809570312
43.5788574219
99.4716796875
61.4379882812
43.6101074219
47.1970214844
98.8010253906
61.0539550781
36.1520996094
75.5720214844
79.369140625
50.9838867188
36.3869628906
98.5122070312
57.0349121094
44.2609863281
92.908203125
56.0610351562
63.0107421875
39.1091308594
121.993164062
83.0349121094
49.6501464844
36.9291992188
62.9309082031
52.9189453125
68.3078613281
47.498046875
66.6120605469
51.1508789062
58.7392578125
38.5239257812
122.472900391
58.7431640625
40.0007324219
73.62890625
76.0827636719
73.5888671875
53.2807617188
59.4812011719
100.729980469
58.498046875
67.2048339844
45.7707519531
43.3520507812
77.9709472656
65.3049316406
69.0493164062
156.729003906
63.0749511719
66.9499511719
59.2038574219
85.2770996094
45.6887207031
39.2209472656
107.353027344
226.888916016
77.3210449219
148.837158203
90.4838867188
64.7739257812
138.608886719
91.9079589844
64.9692382812
54.4521484375
188.138183594
93.1608886719
118.694091797
44.5158691406
85.2319335938
65.1440429688
66.462890625
80.6379394531
69.6889648438
55.1149902344
52.4689941406
61.5036621094
163.486816406
60.9060058594
34.6850585938
103.549072266
64.8840332031
54.9528808594
52.2890625
77.9787597656
76.2180175781
58.2651367188
49.0461425781
117.505126953
51.0891113281
48.5571289062
124.697753906
57.2548828125
51.171875
109.113037109
65.8969726562
56.9008789062
38.8989257812
125.689941406
51.1442871094
57.1628417969
48.0749511719
128.683837891
49.6899414062
49.1030273438
94.8349609375
47.6528320312
50.4870605469
41.4470214844
88.9826660156
67.1889648438
47.8842773438
46.3190917969
104.55078125
64.7668457031
45.9611816406
55.0119628906
93.0600585938
59.66015625
57.6960449219
67.6730957031
57.4582519531
37.3698730469
55.84375
50.8569335938
55.2888183594
44.9689941406
75.626953125
55.6291503906
50.8159179688
38.0649414062
97.9377441406
52.0891113281
51.6721191406
38.1013183594
97.2790527344
60.0688476562
42.6667480469
100.366943359
55.0607910156
38.0358886719
66.8303222656
62.1518554688
51.8930664062
36.3618164062
64.7470703125
54.8908691406
58.044921875
37.798828125
287.716064453
49.1066894531
47.9802246094
43.4340820312
73.0217285156
59.1569824219
38.626953125
71.2939453125
59.9128417969
46.9450683594
40.8081054688
92.9841308594
56.2019042969
36.9470214844
89.0891113281
52.7670898438
33.4482421875
52.2309570312
82.5791015625
84.8908691406
54.916015625
107.417236328
64.1611328125
51.1333007812
47.6589355469
99.8659667969
54.6691894531
39.8530273438
81.630859375
53.4501953125
44.341796875
36.9270019531
134.469970703
55.4650878906
47.5490722656
96.4228515625
58.1159667969
48.3168945312
39.6450195312
88.1020507812
67.9182128906
38.2531738281
77.6669921875
48.4228515625
54.1809082031
61.9399414062
75.3669433594
55.5998535156
40.4951171875
101.03515625
60.3459472656
37.7331542969
67.0170898438
58.5419921875
53.2819824219
49.7897949219
94.1787109375
54.2421875
47.0891113281
83.79296875
53.0451660156
56.9230957031
39.041015625
79.7900390625
64.6291503906
50.5026855469
82.7880859375
66.0520019531
46.8908691406
85.6760253906
50.5317382812
71.5456542969
42.0729980469
70.5561523438
58.8881835938
59.9150390625
70.1330566406
94.2238769531
68.3388671875
107.575195312
37.3779296875
100.239013672
59.4560546875
38.3461914062
64.1970214844
65.58984375
62.7658691406
42.3720703125
97.3410644531
52.7631835938
54.0439453125
46.2641601562
91.5939941406
61.9631347656
58.9279785156
36.7192382812
80.5649414062
57.0270996094
59.1708984375
46.171875
67.798828125
54.1589355469
50.1550292969
94.6228027344
63.0439453125
83.3093261719
102.552978516
41.71484375
88.46484375
62.8210449219
42.5400390625
87.8850097656
65.00390625
52.126953125
75.4763183594
55.0810546875
35.5690917969
83.5600585938
62.9340820312
52.0168457031
57.8391113281
57.8630371094
54.4489746094
34.4418945312
63.8120117188
64.2651367188
56.1069335938
35.1838378906
88.5190429688
63.99609375
55.4680175781
39.251953125
60.1220703125
63.9428710938
38.4938964844
94.9929199219
63.41796875
56.5788574219
36.6711425781
57.1520996094
56.8317871094
50.1789550781
34.5051269531
63.4702148438
64.9790039062
57.8220214844
64.0041503906
58.4382324219
65.5339355469
38.7668457031
112.966064453
56.9938964844
45.8510742188
97.0471191406
57.4750976562
53.8947753906
43.8049316406
78.3640136719
68.9951171875
37.9147949219
106.017089844
61.2080078125
38.9211425781
88.7189941406
61.9147949219
59.4738769531
144.898681641
58.79296875
37.7998046875
82.3020019531
49.8859863281
53.8681640625
35.1618652344
93.8442382812
67.2758789062
39.7058105469
64.3361816406
54.576171875
54.5358886719
34.4440917969
92.9069824219
59.451171875
47.8569335938
96.9318847656
57.7819824219
49.3559570312
38.8911132812
94.80078125
62.2280273438
37.7690429688
67.7739257812
57.658203125
59.046875
35.6491699219
85.5290527344
63.287109375
39.5908203125
100.572753906
57.83984375
52.7348632812
35.5827636719
93.8078613281
56.2551269531
34.9912109375
93.0361328125
63.9802246094
52.7661132812
40.4348144531
86.6838378906
50.2980957031
38.6928710938
108.912109375
57.9099121094
41.1020507812
70.6999511719
53.4079589844
58.4157714844
41.3469238281
70.3393554688
57.9929199219
42.8029785156
82.5151367188
78.2202148438
36.9172363281
94.6420898438
62.8969726562
56.6069335938
42.4831542969
76.3850097656
58.2690429688
41.8898925781
105.468994141
53.03515625
59.8579101562
39.0
96.716796875
67.3540039062
41.208984375
89.8107910156
60.2790527344
52.8110351562
40.5251464844
120.564941406
53.4921875
39.3491210938
61.7341308594
68.0966796875
52.7729492188
46.7683105469
91.0888671875
57.2719726562
38.0419921875
51.6030273438
67.0649414062
65.83203125
36.7399902344
82.7399902344
55.2102050781
50.8610839844
40.0061035156
97.1728515625
57.3041992188
33.8408203125
81.8601074219
70.3139648438
36.248046875
65.4541015625
49.3266601562
69.0688476562
39.1540527344
107.899169922
56.9047851562
36.8369140625
70.2309570312
50.2131347656
51.6450195312
36.1440429688
72.9309082031
61.69921875
58.5498046875
35.208984375
179.999023438
58.2490234375
34.7331542969
61.3608398438
55.248046875
60.8430175781
35.2807617188
77.2009277344
62.8669433594
49.1550292969
37.2651367188
100.301757812
52.9968261719
46.1931152344
64.2768554688
60.2587890625
55.6708984375
37.6760253906
79.3391113281
69.2280273438
54.0690917969
39.4499511719
110.265136719
52.9819335938
48.365234375
67.1508789062
52.2299804688
51.6730957031
38.3393554688
107.385986328
59.5258789062
40.4919433594
102.176269531
63.4912109375
40.4719238281
80.0817871094
71.0090332031
49.4611816406
41.6730957031
73.7583007812
57.9541015625
37.3891601562
81.0969238281
72.0090332031
44.2219238281
95.912109375
56.5510253906
36.0310058594
91.3669433594
63.0649414062
51.5681152344
37.3630371094
60.7358398438
77.6301269531
46.4658203125
85.6850585938
60.6079101562
57.6220703125
42.501953125
101.913085938
58.5749511719
41.6218261719
84.0710449219
53.7429199219
58.5920410156
35.8139648438
121.985839844
59.4890136719
40.87890625
108.584228516
59.2241210938
50.626953125
58.4489746094
54.9790039062
50.6020507812
63.333984375
42.1977539062
117.263183594
57.0380859375
42.90625
80.9611816406
49.0952148438
68.7788085938
38.6257324219
88.3251953125
62.9020996094
48.6608886719
59.8540039062
61.0251464844
51.6208496094
32.8359375
99.5100097656
57.0278320312
39.2951660156
81.2370605469
51.8679199219
54.1440429688
48.2419433594
101.131835938
64.40625
35.6098632812
62.037109375
60.1589355469
70.7678222656
41.0500488281
54.91796875
49.2429199219
51.6530761719
58.697265625
121.907958984
73.783203125
50.5600585938
60.0258789062
124.090087891
69.8718261719
55.6311035156
96.5471191406
92.1481933594
68.0678710938
41.8439941406
87.58203125
72.4819335938
36.3718261719
53.6059570312
70.0751953125
55.3359375
36.75
95.6579589844
64.3969726562
41.5678710938
77.1188964844
61.3959960938
50.7060546875
53.7888183594
90.3471679688
61.4128417969
37.3889160156
87.9458007812
65.8889160156
49.5131835938
42.8979492188
83.2719726562
56.7966308594
52.6882324219
91.298828125
73.9631347656
66.4291992188
59.9499511719
106.018798828
59.6999511719
68.2319335938
57.0239257812
119.489990234
51.4169921875
50.1547851562
105.855957031
75.8259277344
96.8720703125
77.8208007812
86.0510253906
111.704101562
120.097900391
61.7080078125
46.8049316406
104.141845703
63.9682617188
48.3200683594
59.8569335938
124.767822266
62.1760253906
55.4467773438
48.208984375
74.1110839844
68.1328125
62.6318359375
57.4428710938
99.3840332031
68.5729980469
51.9458007812
29.583984375
51.7517089844
46.7661132812
44.8251953125
24.9880371094
45.6821289062
57.9069824219
37.7758789062
28.8818359375
75.6921386719
40.8330078125
32.1391601562
54.6179199219
53.8999023438
27.3208007812
42.5297851562
48.1979980469
37.5881347656
38.048828125
50.4560546875
44.1442871094
24.9758300781
60.9360351562
51.0581054688
29.5710449219
57.7058105469
48.5991210938
28.3610839844
34.7380371094
53.2021484375
40.6301269531
30.1730957031
66.7651367188
48.2680664062
29.1892089844
65.1789550781
40.7287597656
30.1049804688
82.0051269531
47.49609375
30.3562011719
78.5288085938
48.0061035156
29.9357910156
65.99609375
55.7951660156
35.7739257812
27.8659667969
45.2580566406
51.8901367188
30.8818359375
38.6049804688
54.5798339844
40.1879882812
27.2602539062
66.4619140625
48.7680664062
30.5451660156
63.2829589844
43.5500488281
28.4860839844
57.3249511719
41.2360839844
46.5600585938
27.3039550781
60.2421875
53.1899414062
27.3449707031
54.4309082031
48.8952636719
29.8562011719
74.4838867188
59.0988769531
29.8349609375
75.3051757812
49.3688964844
27.0029296875
33.5209960938
54.630859375
47.9580078125
26.1198730469
75.712890625
52.3359375
26.7082519531
33.16796875
54.7431640625
33.1950683594
26.3618164062
55.6159667969
42.2429199219
25.9611816406
54.5922851562
46.7780761719
46.7990722656
27.1391601562
43.875
45.6892089844
35.5112304688
27.087890625
57.5490722656
52.1982421875
35.4548339844
29.0559082031
53.962890625
39.9230957031
27.2961425781
58.5300292969
46.375
29.3898925781
39.8969726562
57.4560546875
35.6999511719
47.791015625
41.123046875
42.2348632812
25.8969726562
56.0749511719
55.1989746094
28.2858886719
39.5710449219
51.5908203125
48.83203125
28.1401367188
62.8120117188
51.0239257812
29.28125
76.8188476562
46.9660644531
25.1638183594
74.16796875
46.0310058594
28.8779296875
60.9450683594
46.3940429688
30.0378417969
53.3327636719
57.587890625
29.5319824219
45.9108886719
60.0749511719
27.2512207031
68.4030761719
57.4731445312
38.1450195312
29.7990722656
47.8088378906
50.2680664062
30.4367675781
50.8967285156
49.0109863281
35.0920410156
32.6779785156
57.4140625
33.916015625
28.3649902344
59.8110351562
46.8017578125
34.9709472656
25.5532226562
