546.981933594
103.814941406
69.0549316406
34.5139160156
78.99609375
73.9641113281
30.5180664062
51.5930175781
53.7670898438
73.0749511719
35.0678710938
54.4458007812
34.4211425781
43.4270019531
38.4768066406
20.8981933594
23.576171875
41.3618164062
34.5810546875
27.7631835938
19.3830566406
24.533203125
37.2041015625
36.9140625
21.5141601562
30.5263671875
46.3103027344
33.2150878906
20.5559082031
37.4338378906
46.1540527344
50.4028320312
24.4892578125
42.6821289062
35.5080566406
28.2729492188
22.9028320312
70.2819824219
38.041015625
32.3569335938
21.4309082031
37.0268554688
47.2390136719
36.7429199219
22.2932128906
53.6840820312
40.3100585938
39.9838867188
26.2880859375
41.9030761719
40.83203125
29.1108398438
24.037109375
48.791015625
37.0029296875
25.9069824219
25.8979492188
23.9401855469
61.0729980469
36.8500976562
22.3571777344
31.2517089844
49.2397460938
31.6469726562
23.2380371094
54.7102050781
40.0329589844
34.0390625
24.5317382812
24.5249023438
58.7961425781
41.7719726562
24.78515625
56.0217285156
36.2360839844
33.3010253906
25.8120117188
25.216796875
60.9167480469
34.7463378906
23.0720214844
23.0720214844
63.2429199219
39.0009765625
22.5341796875
25.2248535156
58.203125
42.71484375
24.8088378906
23.4506835938
59.6340332031
34.6921386719
24.3881835938
23.8117675781
70.0380859375
31.3168945312
21.9079589844
22.3081054688
52.5561523438
43.3937988281
28.0842285156
22.3449707031
77.9182128906
38.1850585938
23.7551269531
22.5239257812
43.7399902344
33.3601074219
35.4558105469
20.7810058594
28.5910644531
48.5439453125
31.8852539062
21.3359375
22.1389160156
53.4670410156
40.1577148438
23.6682128906
23.4899902344
20.9602050781
65.4011230469
35.8149414062
19.8391113281
22.9609375
57.4841308594
36.8112792969
23.1052246094
23.1325683594
59.0939941406
36.1340332031
23.1911621094
23.6647949219
66.8410644531
36.4697265625
24.4299316406
24.4787597656
41.1948242188
49.923828125
23.8269042969
24.0241699219
40.2951660156
39.4860839844
23.1228027344
22.87109375
61.9008789062
37.3562011719
23.5798339844
24.0778808594
69.8911132812
40.150390625
24.8950195312
23.4169921875
54.3083496094
35.9467773438
24.5290527344
23.3981933594
60.1469726562
36.6401367188
25.8791503906
24.6579589844
60.796875
35.2839355469
26.1901855469
43.8349609375
39.4169921875
37.5610351562
23.3549804688
59.9479980469
46.8720703125
29.8171386719
23.5129394531
76.1530761719
37.3203125
25.0300292969
23.2158203125
55.3349609375
44.6750488281
29.3061523438
22.6088867188
40.1291503906
41.6091308594
29.3220214844
21.3959960938
42.9428710938
41.0129394531
29.6882324219
20.58203125
28.8967285156
50.5178222656
34.7067871094
24.8659667969
26.0837402344
61.8298339844
38.0939941406
22.6630859375
26.125
38.2170410156
31.9641113281
30.0200195312
21.5649414062
22.3298339844
69.3032226562
34.2739257812
22.5927734375
21.2416992188
40.1188964844
40.2292480469
21.2961425781
21.7158203125
70.49609375
33.7829589844
21.4150390625
20.6977539062
69.3801269531
33.4768066406
23.0720214844
22.2958984375
69.5017089844
34.1708984375
22.3610839844
20.9997558594
55.19921875
36.9189453125
27.7141113281
26.4958496094
40.6940917969
33.3598632812
23.9140625
21.1750488281
64.0681152344
37.4799804688
21.5578613281
24.2392578125
42.5920410156
40.447265625
31.0520019531
23.0478515625
70.4477539062
40.4709472656
29.5490722656
22.0229492188
56.248046875
37.1042480469
31.1430664062
23.7209472656
64.630859375
39.3381347656
25.6218261719
28.6259765625
60.7189941406
36.5517578125
27.1630859375
28.0100097656
60.9541015625
36.2131347656
23.3081054688
52.3249511719
38.1142578125
39.3798828125
25.1799316406
38.1770019531
49.4763183594
31.494140625
25.6169433594
61.8720703125
38.5512695312
23.1179199219
36.9909667969
50.337890625
30.7641601562
22.9870605469
57.4011230469
50.7609863281
22.1689453125
24.2810058594
70.3081054688
37.9111328125
22.4880371094
24.205078125
52.4799804688
40.873046875
22.8381347656
34.7502441406
51.3649902344
27.0031738281
24.5900878906
63.2609863281
38.1779785156
35.2490234375
23.7690429688
23.4799804688
52.0029296875
34.1511230469
21.0678710938
21.0119628906
51.4011230469
33.3298339844
21.5610351562
23.9311523438
70.7900390625
38.0048828125
22.9150390625
21.7900390625
44.5520019531
31.9191894531
29.7568359375
22.6970214844
73.8029785156
45.8100585938
19.6608886719
25.42578125
46.0952148438
32.970703125
30.6877441406
24.0417480469
55.4580078125
33.6389160156
29.5681152344
24.5927734375
58.1638183594
37.708984375
33.681640625
23.5261230469
24.2421875
46.3488769531
40.9182128906
33.9409179688
23.2741699219
25.2600097656
72.6918945312
40.2097167969
22.0629882812
24.1811523438
69.5520019531
38.87890625
24.798828125
24.7722167969
60.2761230469
41.1279296875
23.55078125
35.6799316406
45.6860351562
33.9211425781
25.2836914062
47.2358398438
39.9880371094
38.7192382812
24.1789550781
30.1909179688
44.7282714844
38.4587402344
23.619140625
29.4370117188
39.5051269531
31.1379394531
21.6928710938
25.9367675781
64.6398925781
39.3359375
22.3979492188
46.9150390625
38.1479492188
35.125
24.53515625
23.6447753906
60.8049316406
31.4162597656
23.6977539062
26.6550292969
44.1638183594
35.5510253906
22.5319824219
23.4221191406
54.6450195312
39.5639648438
23.1831054688
23.62109375
42.1850585938
42.5568847656
24.169921875
22.7951660156
54.953125
37.9077148438
38.0349121094
21.5788574219
24.3972167969
56.7136230469
34.3291015625
21.4331054688
33.12109375
59.7038574219
32.8618164062
23.8759765625
25.3168945312
62.3068847656
40.0180664062
20.3527832031
26.4699707031
58.2287597656
36.6560058594
24.3920898438
22.5390625
34.0107421875
32.1760253906
28.9758300781
22.8098144531
28.3110351562
51.0998535156
24.9938964844
23.1850585938
67.2780761719
39.583984375
23.9370117188
23.9567871094
37.8129882812
34.654296875
39.0361328125
19.9489746094
24.2138671875
68.3469238281
33.3977050781
27.2290039062
30.4670410156
41.8701171875
33.4138183594
22.6950683594
34.8579101562
54.0229492188
29.166015625
23.5239257812
80.4760742188
33.162109375
24.4350585938
26.3071289062
71.8771972656
41.2507324219
25.3251953125
26.3120117188
43.6762695312
32.6181640625
24.0910644531
22.580078125
60.2790527344
41.9709472656
23.8039550781
25.5852050781
61.8498535156
38.1848144531
21.4020996094
27.5229492188
69.3500976562
34.6748046875
23.0009765625
23.21484375
59.9643554688
36.4360351562
22.6130371094
22.8000488281
72.5109863281
38.8291015625
21.9011230469
23.9350585938
46.9489746094
38.0258789062
22.1499023438
20.8588867188
45.9560546875
35.5568847656
28.2431640625
23.0588378906
72.7731933594
37.5222167969
22.2370605469
23.876953125
53.455078125
36.0200195312
21.5859375
67.703125
36.6110839844
21.9499511719
21.8168945312
68.8937988281
36.0778808594
21.2248535156
21.5949707031
41.2209472656
48.833984375
28.83203125
22.5190429688
31.6677246094
47.4411621094
32.1389160156
22.0671386719
36.25
32.9719238281
37.845703125
23.9182128906
33.9150390625
47.6311035156
30.2661132812
23.3481445312
55.1979980469
40.5891113281
29.216796875
23.4858398438
52.8937988281
41.833984375
32.2409667969
22.8139648438
24.9641113281
54.0861816406
31.708984375
33.3959960938
23.6860351562
24.5939941406
62.7580566406
32.5090332031
24.9221191406
25.0200195312
49.0151367188
40.2780761719
24.71484375
27.5551757812
59.0830078125
38.9169921875
24.3393554688
35.4560546875
47.5329589844
36.8161621094
23.8889160156
37.8962402344
44.1369628906
36.2058105469
23.1208496094
24.1931152344
57.9230957031
34.6110839844
26.7009277344
31.3193359375
47.458984375
41.3698730469
22.8933105469
36.2021484375
47.7741699219
32.7438964844
22.9968261719
31.8090820312
45.6989746094
32.5190429688
24.4479980469
29.5629882812
53.8068847656
41.4738769531
21.5771484375
50.2346191406
39.9519042969
30.6179199219
23.5009765625
43.0222167969
40.8972167969
35.0400390625
22.3757324219
20.8588867188
42.1450195312
32.3879394531
27.4279785156
26.2709960938
49.2629394531
33.8088378906
31.9379882812
22.8850097656
22.9033203125
45.2873535156
38.1760253906
23.1369628906
22.1228027344
62.6608886719
35.5500488281
29.708984375
19.8608398438
48.5729980469
34.837890625
22.6860351562
23.1979980469
46.9128417969
35.7270507812
23.8508300781
23.1259765625
67.1970214844
35.1530761719
25.5310058594
24.4741210938
60.5490722656
36.8649902344
24.1120605469
25.125
45.0529785156
42.1618652344
37.6411132812
40.3869628906
55.513671875
48.4140625
31.6218261719
23.8178710938
24.2751464844
70.78515625
34.6721191406
23.2761230469
26.03515625
56.2192382812
38.8369140625
25.494140625
29.3369140625
55.5380859375
42.4599609375
23.5588378906
33.462890625
47.548828125
31.4050292969
22.3898925781
56.9780273438
38.408203125
31.2529296875
23.8239746094
49.6203613281
39.0739746094
24.0642089844
24.2368164062
56.7641601562
36.6569824219
22.8518066406
23.8896484375
56.6809082031
34.3041992188
22.8728027344
25.7041015625
47.1140136719
41.9401855469
29.4389648438
23.7890625
22.5219726562
54.8127441406
33.6669921875
24.1140136719
22.8117675781
62.5151367188
36.0791015625
24.4248046875
21.3537597656
54.3400878906
31.5109863281
21.1589355469
23.5541992188
55.1003417969
34.1530761719
21.8779296875
19.8540039062
69.0451660156
34.5549316406
20.1730957031
45.1921386719
43.5798339844
26.9438476562
22.7529296875
44.376953125
28.9321289062
31.6301269531
20.4838867188
22.1271972656
46.9279785156
36.8449707031
37.0629882812
21.7680664062
32.5830078125
47.0339355469
34.5532226562
21.927734375
35.1596679688
47.4509277344
29.9038085938
21.5051269531
26.2290039062
40.0080566406
39.7729492188
21.5798339844
41.6428222656
46.7890625
33.5478515625
23.3308105469
23.2629394531
50.4191894531
35.998046875
32.25390625
23.4189453125
74.2521972656
35.8759765625
23.9348144531
26.9311523438
61.7719726562
37.2141113281
22.4780273438
25.6911621094
55.5708007812
40.6989746094
23.8139648438
28.1311035156
56.5268554688
39.8159179688
22.7131347656
28.3269042969
56.3139648438
39.2170410156
25.0949707031
25.6389160156
61.4189453125
39.2788085938
24.3969726562
25.4809570312
53.6740722656
34.1650390625
22.9951171875
25.796875
66.45703125
38.8188476562
26.4328613281
21.8479003906
65.837890625
39.5119628906
26.0739746094
36.8530273438
46.3330078125
33.0791015625
22.9482421875
51.3820800781
40.3308105469
32.5151367188
24.080078125
46.8452148438
46.8271484375
41.423828125
20.9958496094
22.7509765625
68.9699707031
36.7150878906
23.7729492188
20.7009277344
48.2009277344
42.5219726562
29.3249511719
21.4770507812
53.4348144531
34.2009277344
33.8891601562
22.671875
41.8081054688
38.8190917969
32.9748535156
26.4279785156
21.2990722656
59.3857421875
36.0239257812
21.4677734375
34.4587402344
33.1008300781
40.2309570312
23.3220214844
29.4848632812
46.5217285156
32.1750488281
25.2561035156
32.2817382812
47.337890625
33.3947753906
20.6999511719
59.6767578125
36.2468261719
36.4819335938
23.6857910156
55.8449707031
33.5888671875
30.5688476562
24.2399902344
52.83203125
35.6169433594
35.6721191406
26.2849121094
28.3569335938
49.3828125
31.62109375
23.7009277344
39.1799316406
53.1960449219
32.7199707031
24.0939941406
58.8884277344
34.5217285156
21.4680175781
24.1870117188
54.0568847656
36.8317871094
22.623046875
23.1728515625
61.1459960938
35.6350097656
23.9848632812
23.4528808594
59.6137695312
38.6770019531
26.6003417969
23.4406738281
59.28515625
36.20703125
25.7219238281
25.3291015625
56.5258789062
38.1501464844
25.1921386719
29.3149414062
40.7839355469
39.1298828125
23.1767578125
29.0319824219
55.5346679688
36.9301757812
23.2619628906
24.5529785156
60.0529785156
36.052734375
23.1320800781
21.830078125
69.9660644531
37.6008300781
24.1130371094
22.6081542969
60.0390625
35.2102050781
22.3159179688
21.9399414062
70.8151855469
34.6831054688
21.087890625
21.6010742188
69.1799316406
37.5708007812
20.8620605469
21.6081542969
45.1740722656
44.6091308594
28.4711914062
22.4860839844
74.9377441406
41.3859863281
21.8957519531
35.8898925781
46.4567871094
28.5388183594
20.9829101562
28.0278320312
48.5388183594
36.6711425781
22.2622070312
28.6450195312
46.7099609375
33.1960449219
22.751953125
59.8022460938
35.4108886719
22.876953125
23.8112792969
62.5310058594
38.2438964844
24.0500488281
37.0590820312
42.8850097656
42.8488769531
31.8151855469
24.1418457031
77.1589355469
41.994140625
23.9802246094
48.4677734375
50.5397949219
31.0522460938
23.2448730469
57.94921875
38.828125
25.2971191406
26.6960449219
57.2341308594
41.6181640625
21.8449707031
24.3110351562
45.5551757812
36.9479980469
30.2009277344
23.3598632812
56.9328613281
39.7868652344
32.9799804688
22.583984375
34.9719238281
49.6262207031
30.552734375
21.7548828125
30.5751953125
46.8312988281
32.9206542969
23.2897949219
28.8181152344
49.3698730469
35.7651367188
22.458984375
21.6599121094
71.2658691406
38.2231445312
24.0568847656
48.9899902344
38.3737792969
37.2009277344
22.8491210938
38.9482421875
41.6420898438
23.1501464844
21.2021484375
46.3500976562
36.0866699219
20.7473144531
23.2250976562
50.9851074219
36.5993652344
29.5649414062
20.7932128906
66.419921875
34.3410644531
21.9350585938
24.078125
61.7202148438
39.6257324219
25.865234375
22.2661132812
58.083984375
37.9770507812
30.6860351562
23.7478027344
45.9343261719
39.6801757812
29.5300292969
22.0581054688
54.2487792969
41.3610839844
24.5720214844
57.6728515625
40.5061035156
35.330078125
21.9230957031
51.4370117188
34.591796875
29.7490234375
21.5122070312
63.783203125
37.3581542969
33.7060546875
23.5900878906
42.0329589844
41.5700683594
42.4489746094
25.0998535156
69.0627441406
39.0041503906
23.1989746094
33.1750488281
45.9729003906
38.5568847656
26.1940917969
33.3110351562
52.1020507812
41.3200683594
24.45703125
49.0161132812
39.4421386719
35.9809570312
23.9929199219
23.5881347656
60.4799804688
39.1560058594
22.0109863281
26.2758789062
57.0622558594
38.3981933594
24.7629394531
25.4372558594
42.8041992188
40.4050292969
22.5388183594
52.8200683594
37.205078125
27.7709960938
23.6171875
63.1689453125
35.5498046875
