730.944824219
155.087890625
107.874023438
67.2680664062
69.6379394531
70.3940429688
37.9670410156
57.2629394531
78.71484375
57.0522460938
96.2299804688
158.937011719
66.4870605469
60.2707519531
37.7932128906
78.2429199219
119.043945312
55.7209472656
39.5688476562
79.369140625
53.8503417969
113.761962891
32.8759765625
95.7922363281
63.3518066406
37.0888671875
55.1477050781
71.205078125
50.7446289062
34.1479492188
55.712890625
65.0458984375
63.4360351562
37.2019042969
103.049072266
53.2131347656
44.9870605469
75.7639160156
57.1027832031
52.833984375
37.2438964844
95.3488769531
61.6130371094
39.0861816406
69.3210449219
59.3071289062
52.3918457031
39.2019042969
58.1706542969
58.1330566406
64.5859375
36.7431640625
81.703125
58.5278320312
58.0349121094
38.3620605469
98.4470214844
52.162109375
44.5207519531
101.220214844
60.3913574219
40.2277832031
72.5131835938
59.8071289062
56.4228515625
40.0759277344
60.2998046875
64.3759765625
63.4802246094
45.9450683594
44.4831542969
74.2868652344
53.0549316406
42.2768554688
113.318847656
58.1350097656
38.9340820312
78.9780273438
51.8767089844
55.5561523438
37.6889648438
93.0561523438
65.7639160156
38.9760742188
105.350097656
61.6870117188
40.1918945312
103.800048828
61.2380371094
40.4389648438
47.2299804688
73.2370605469
53.1459960938
40.7761230469
68.5407714844
74.1489257812
52.2468261719
38.9108886719
83.2526855469
51.8317871094
53.9099121094
42.95703125
90.7761230469
61.5380859375
38.6569824219
61.7890625
81.9929199219
59.306640625
40.44921875
99.5139160156
53.6750488281
33.05078125
63.1179199219
49.9838867188
52.21875
29.9470214844
93.2849121094
56.3017578125
37.3247070312
67.2551269531
51.2290039062
48.6877441406
34.8540039062
103.44921875
56.421875
47.5432128906
41.5280761719
87.6301269531
54.6259765625
44.0607910156
40.8779296875
105.773925781
64.0581054688
38.9050292969
62.2238769531
69.3969726562
52.8439941406
32.7739257812
69.0732421875
56.3659667969
33.287109375
80.7426757812
60.9289550781
46.4689941406
39.9060058594
100.093017578
60.7211914062
35.9899902344
83.7380371094
50.9860839844
46.9621582031
32.9331054688
89.5959472656
50.7221679688
33.7612304688
51.4860839844
68.5607910156
60.4860839844
53.8959960938
86.169921875
53.3920898438
35.9050292969
77.7370605469
50.4951171875
44.2919921875
69.7709960938
57.0720214844
53.958984375
33.0969238281
76.9350585938
53.3530273438
39.7600097656
34.3071289062
82.1689453125
53.4802246094
35.1657714844
86.54296875
55.8671875
38.0109863281
69.62890625
48.1799316406
50.3571777344
33.6762695312
98.2329101562
55.1982421875
35.0307617188
80.8869628906
53.4008789062
42.2321777344
33.3349609375
86.1708984375
46.0991210938
35.0439453125
88.8488769531
53.0541992188
33.4331054688
72.7160644531
50.9001464844
45.7409667969
34.2529296875
49.4301757812
50.2878417969
35.16015625
40.626953125
54.6989746094
51.5009765625
33.1291503906
39.5529785156
64.0192871094
59.4711914062
34.3498535156
57.2287597656
73.173828125
50.5891113281
35.6010742188
95.0480957031
61.0729980469
38.3369140625
100.172851562
66.4819335938
38.8081054688
88.875
48.8498535156
36.37109375
91.4221191406
47.6999511719
50.5390625
35.2561035156
153.856933594
56.6020507812
49.001953125
70.2751464844
49.279296875
61.0910644531
40.2600097656
101.092041016
67.5571289062
37.3376464844
56.8317871094
70.2829589844
57.55078125
34.0310058594
85.9189453125
59.6408691406
58.078125
37.8361816406
79.7170410156
47.8989257812
50.95703125
35.302734375
75.3579101562
56.8898925781
56.4721679688
37.1398925781
81.4399414062
55.4919433594
56.0251464844
37.9050292969
92.244140625
54.8940429688
55.1008300781
93.3569335938
62.623046875
53.4807128906
34.7548828125
88.0239257812
69.8623046875
36.7731933594
69.451171875
58.3449707031
49.9072265625
38.0490722656
83.3449707031
49.9467773438
35.2048339844
86.3571777344
65.4848632812
45.2868652344
34.1091308594
52.6240234375
48.0239257812
53.7619628906
37.1850585938
73.7512207031
62.2399902344
42.578125
33.0671386719
121.812011719
55.2907714844
36.8129882812
97.3862304688
61.9831542969
35.2028808594
101.813964844
51.4799804688
33.6081542969
51.4970703125
52.4890136719
51.4340820312
50.62109375
39.2788085938
100.132080078
59.2890625
38.8427734375
68.2741699219
57.4099121094
55.2529296875
36.1318359375
37.8220214844
73.1440429688
65.3049316406
40.3278808594
76.8041992188
49.9460449219
53.7121582031
33.4438476562
64.4890136719
58.9279785156
52.3388671875
38.84375
77.6711425781
73.2387695312
127.010986328
38.7431640625
117.251953125
61.6198730469
52.21484375
112.211181641
69.8959960938
43.7250976562
112.614013672
49.697265625
60.8779296875
39.8798828125
86.9291992188
66.3349609375
49.7658691406
95.7971191406
54.9321289062
63.6901855469
43.0668945312
87.0180664062
52.5141601562
56.4799804688
38.8051757812
103.965087891
66.4592285156
52.7009277344
98.6059570312
58.6767578125
58.4880371094
38.7502441406
79.4309082031
68.9582519531
75.2312011719
42.1950683594
93.8837890625
65.7377929688
46.6472167969
95.1369628906
63.9230957031
56.9719238281
38.2229003906
75.7033691406
59.8276367188
58.9851074219
36.1030273438
101.487060547
75.9221191406
45.890625
76.0339355469
50.2309570312
59.0510253906
43.3828125
99.7780761719
74.9992675781
41.3078613281
99.9919433594
58.99609375
63.6799316406
39.79296875
68.1079101562
57.0808105469
55.75
37.0998535156
108.146728516
66.7819824219
39.1010742188
67.6030273438
50.01171875
68.9780273438
45.1240234375
89.2077636719
54.9868164062
54.66796875
38.2639160156
78.8852539062
95.4289550781
41.0732421875
81.7380371094
71.1979980469
88.041015625
111.651123047
116.089111328
56.6010742188
40.1169433594
123.727783203
65.2470703125
50.9372558594
65.0158691406
72.8740234375
58.15625
45.0620117188
104.000976562
62.3752441406
41.33203125
59.8508300781
62.1140136719
59.546875
34.4819335938
115.387939453
81.6501464844
44.662109375
107.195068359
60.2280273438
39.3479003906
115.240234375
68.376953125
53.4606933594
38.6350097656
96.3640136719
76.3149414062
47.2470703125
79.9519042969
62.4812011719
42.3151855469
94.0380859375
82.3649902344
43.8630371094
106.78515625
68.6088867188
47.8920898438
96.1062011719
51.0070800781
60.4560546875
49.6630859375
85.2250976562
70.5778808594
40.041015625
99.9528808594
59.8798828125
70.3820800781
42.7390136719
85.6721191406
57.791015625
61.3149414062
43.1030273438
113.100830078
67.744140625
45.0031738281
98.45703125
54.2700195312
63.2309570312
40.5639648438
79.99609375
62.953125
66.4516601562
43.0280761719
101.205078125
64.2062988281
88.1638183594
56.1560058594
49.7622070312
143.144042969
57.1071777344
57.5009765625
79.4089355469
67.9548339844
68.37109375
39.03515625
80.3959960938
73.2829589844
77.3369140625
59.5361328125
150.763916016
81.9299316406
53.0129394531
96.6779785156
69.9809570312
74.8579101562
51.4892578125
134.911132812
92.1677246094
53.4519042969
75.626953125
67.5051269531
65.6188964844
94.7099609375
86.875
70.7770996094
50.05078125
108.021972656
80.4240722656
84.8720703125
52.1730957031
95.3759765625
73.8540039062
70.2651367188
51.2199707031
83.8801269531
82.3940429688
59.544921875
44.662109375
124.547851562
71.76171875
48.3410644531
65.8427734375
45.0339355469
50.5261230469
61.1501464844
139.245117188
71.4819335938
59.1030273438
52.4477539062
130.081054688
93.5871582031
52.8029785156
95.3671875
81.4460449219
72.7578125
93.7551269531
85.4680175781
58.0881347656
112.814941406
128.533691406
68.0319824219
50.2941894531
132.822998047
100.479248047
70.4609375
155.332763672
74.5612792969
56.9130859375
115.776855469
93.2468261719
51.2529296875
104.314941406
67.4172363281
153.273193359
46.5278320312
110.894775391
86.9519042969
88.1320800781
50.7341308594
73.5791015625
68.37890625
59.7849121094
41.3791503906
88.5991210938
68.044921875
42.8898925781
117.510986328
69.7790527344
49.9709472656
53.7749023438
96.5178222656
91.3972167969
50.8461914062
51.6928710938
80.9541015625
70.6418457031
45.291015625
41.8630371094
90.6171875
75.798828125
44.5529785156
101.072998047
50.9311523438
66.5361328125
52.9909667969
89.1059570312
55.5988769531
62.6340332031
43.5500488281
118.537109375
146.0390625
43.8068847656
78.7307128906
71.2468261719
64.9711914062
49.8488769531
93.4560546875
72.3740234375
57.7080078125
49.3669433594
128.552978516
69.4128417969
72.9460449219
50.9001464844
88.4560546875
86.7399902344
56.4658203125
98.833984375
65.1220703125
44.0168457031
119.257080078
66.6801757812
41.4299316406
57.9108886719
70.2619628906
88.4299316406
50.4489746094
77.7216796875
66.5988769531
63.5727539062
40.4311523438
114.104980469
60.6218261719
49.3649902344
50.08984375
88.7761230469
64.1469726562
68.1008300781
72.7961425781
78.7939453125
44.3950195312
91.7419433594
64.4418945312
42.212890625
82.74609375
76.9379882812
41.5529785156
105.554199219
81.9506835938
50.4289550781
94.7868652344
67.4069824219
59.3798828125
98.4572753906
69.2749023438
44.6101074219
110.624023438
64.3332519531
50.9721679688
93.1728515625
58.5270996094
56.9748535156
67.9460449219
66.6652832031
56.841796875
41.6550292969
63.423828125
83.9077148438
73.6560058594
49.7170410156
69.1376953125
56.421875
51.7048339844
37.1340332031
119.106933594
55.6010742188
47.2419433594
73.1538085938
82.6809082031
58.0849609375
45.5610351562
97.1538085938
76.3520507812
55.5739746094
78.8020019531
49.8171386719
57.5151367188
37.5578613281
87.9270019531
62.9418945312
53.1198730469
52.4841308594
76.6589355469
63.203125
54.1508789062
92.5510253906
61.9208984375
51.8901367188
59.4501953125
79.3801269531
58.6213378906
37.3901367188
73.4501953125
52.0659179688
62.3859863281
48.8149414062
107.717041016
56.8330078125
37.4606933594
115.158935547
70.583984375
43.0620117188
91.9750976562
59.3420410156
50.7360839844
41.4289550781
66.7319335938
67.6350097656
71.6799316406
71.5849609375
71.5139160156
39.6760253906
80.4548339844
57.0549316406
59.6049804688
48.4301757812
97.5812988281
60.5810546875
61.0021972656
46.2609863281
88.1018066406
63.2067871094
53.1599121094
59.4030761719
79.9091796875
58.7009277344
35.9958496094
94.830078125
60.2661132812
80.0971679688
66.7080078125
46.3837890625
92.1362304688
65.0988769531
45.5952148438
50.8229980469
71.5170898438
60.2072753906
38.0280761719
139.938232422
677.861816406
112.799072266
166.416015625
113.134033203
59.3781738281
70.6428222656
39.7978515625
106.061035156
155.230224609
76.7119140625
134.206542969
84.0400390625
47.2219238281
113.489990234
143.153076172
100.641845703
66.7880859375
90.380859375
57.0910644531
38.0322265625
78.5368652344
59.2990722656
122.971923828
56.0190429688
50.4880371094
69.8071289062
64.947265625
225.824707031
53.919921875
55.3342285156
121.427001953
92.4831542969
73.5610351562
50.134765625
162.655029297
60.115234375
39.1530761719
314.330078125
55.671875
53.8591308594
120.534912109
89.0541992188
98.3217773438
89.5759277344
62.7109375
101.65234375
80.2478027344
109.341796875
77.0749511719
110.193115234
89.6591796875
89.3459472656
57.7971191406
113.166992188
72.3930664062
75.08203125
44.4069824219
95.0620117188
76.1921386719
67.9099121094
75.4631347656
67.6867675781
49.8449707031
80.2751464844
80.1440429688
70.3559570312
44.5207519531
126.521972656
68.7158203125
98.8737792969
75.87890625
70.0139160156
49.5710449219
103.756835938
67.0939941406
51.3918457031
130.555908203
65.33203125
38.0522460938
71.751953125
69.6750488281
63.1779785156
56.1159667969
99.9890136719
123.989013672
39.4389648438
103.753173828
70.2526855469
112.510009766
39.234375
94.1518554688
63.8850097656
37.3430175781
63.83203125
69.0910644531
61.5749511719
34.705078125
115.277832031
70.0329589844
36.5668945312
66.3181152344
68.8264160156
62.7678222656
45.9250488281
87.3039550781
60.5180664062
45.2790527344
60.6879882812
74.1860351562
63.7868652344
57.8278808594
42.6640625
125.419189453
62.962890625
70.9970703125
79.7438964844
62.4938964844
49.4909667969
36.8627929688
78.6486816406
67.4660644531
47.75390625
44.4851074219
75.3559570312
60.751953125
41.3288574219
101.942871094
61.2810058594
43.1079101562
79.4089355469
133.881103516
39.8898925781
63.3747558594
97.0209960938
64.53515625
41.0419921875
99.4370117188
58.3698730469
52.2521972656
88.9851074219
63.2219238281
47.5717773438
39.5236816406
68.3068847656
59.7487792969
57.791015625
50.5778808594
65.7221679688
64.0998535156
39.7287597656
103.177978516
65.1772460938
38.2739257812
78.8520507812
56.0100097656
55.7888183594
42.8720703125
69.3908691406
65.34375
37.25390625
89.0478515625
53.9040527344
66.955078125
40.8381347656
81.8220214844
76.3759765625
40.3322753906
84.6208496094
58.6000976562
53.3098144531
43.0478515625
78.4750976562
63.2619628906
38.2048339844
107.922119141
54.1789550781
39.5109863281
72.2390136719
54.8840332031
54.3630371094
41.509765625
56.1430664062
55.7841796875
37.1730957031
78.1501464844
54.5249023438
51.08984375
33.2131347656
53.4001464844
67.7321777344
68.20703125
39.7502441406
103.384033203
57.7868652344
37.8850097656
105.790039062
63.1950683594
35.7438964844
68.1801757812
54.6469726562
58.3718261719
42.5310058594
78.6030273438
45.9489746094
49.3059082031
36.2297363281
114.631835938
66.1359863281
38.4311523438
96.8657226562
58.0229492188
54.1379394531
44.4450683594
67.4309082031
67.0642089844
40.8068847656
106.062255859
67.9279785156
37.0910644531
117.408935547
59.6630859375
42.6298828125
97.0
67.5678710938
46.0090332031
40.6291503906
64.6821289062
62.0888671875
46.2121582031
40.6489257812
85.37890625
70.6049804688
43.3510742188
86.2490234375
58.857421875
54.4301757812
38.8698730469
73.29296875
61.0551757812
53.158203125
40.0969238281
84.5920410156
61.8181152344
40.4279785156
80.4938964844
65.7561035156
38.4038085938
102.667236328
62.5241699219
38.6208496094
100.852050781
78.2421875
42.2600097656
66.49609375
51.0590820312
59.1721191406
51.4089355469
109.769042969
68.3911132812
39.9921875
115.264892578
59.7512207031
41.5729980469
78.3510742188
55.9448242188
