404.425048828
226.698974609
203.409912109
216.550048828
211.580078125
222.842773438
244.996826172
189.521728516
189.656005859
187.092041016
189.033935547
190.614013672
190.161132812
201.463134766
187.925048828
196.05078125
198.081787109
195.96484375
193.855957031
191.471923828
191.078857422
189.560791016
193.086914062
191.037109375
189.237792969
186.357177734
187.586914062
193.468017578
205.929931641
194.115966797
202.654052734
189.406982422
199.183837891
197.436035156
191.306152344
189.706787109
188.586914062
191.506103516
187.635009766
189.375
195.218017578
197.773925781
201.384033203
193.621826172
194.597167969
186.392089844
190.018066406
193.817138672
189.823974609
191.066894531
188.253173828
192.114990234
193.610107422
222.777099609
197.668212891
199.168945312
208.214111328
201.875
198.244873047
194.743164062
196.473876953
196.747070312
193.510009766
187.022949219
196.990966797
189.950195312
189.765869141
190.958007812
198.918945312
186.504882812
183.023925781
201.45703125
187.992675781
194.177001953
188.551025391
188.062988281
187.924804688
197.120849609
191.014892578
190.951904297
186.916748047
186.668701172
185.895996094
197.614013672
203.865234375
195.349853516
204.796875
197.850097656
194.446044922
198.763916016
193.736083984
196.266845703
202.431884766
189.144042969
186.144042969
183.384033203
193.278076172
203.262939453
192.403808594
191.854003906
183.175048828
191.286865234
187.291259766
189.002929688
185.225097656
187.572998047
202.034912109
201.401855469
192.187011719
192.407958984
195.631103516
196.279052734
186.172119141
187.399169922
205.979248047
183.203857422
188.884033203
196.157958984
185.169921875
188.764892578
189.820068359
189.683105469
200.776123047
190.265869141
184.147949219
188.903320312
184.357910156
192.036132812
192.049072266
190.072998047
187.252929688
195.611083984
186.413085938
194.533935547
190.747802734
183.384033203
190.758056641
196.838134766
196.543945312
193.872070312
192.880126953
203.190185547
196.539306641
196.317871094
201.171142578
191.165039062
194.690185547
185.991943359
190.552001953
197.932128906
191.552978516
189.940917969
193.724121094
198.182128906
188.527099609
194.2578125
202.105957031
187.171142578
194.252929688
197.318115234
201.501220703
193.943847656
197.343994141
187.709960938
191.096191406
195.334228516
193.408935547
198.434082031
193.70703125
187.120117188
193.977783203
191.209960938
200.107666016
189.002929688
192.200195312
199.023925781
199.318115234
207.513916016
188.088134766
189.966064453
193.178710938
198.579101562
190.398193359
187.789794922
187.901123047
191.053955078
195.495849609
191.903076172
203.705810547
195.333740234
182.419921875
188.604736328
187.006835938
202.152099609
194.655029297
196.351074219
192.855957031
183.739257812
190.984863281
196.514160156
190.176025391
201.353027344
197.782958984
187.920898438
188.986816406
188.715820312
195.466064453
189.737060547
193.907226562
186.104980469
192.782958984
195.37890625
195.593994141
193.250732422
204.330078125
184.643066406
190.010986328
196.107177734
190.281982422
184.876220703
192.656982422
189.419921875
195.661132812
199.524902344
190.902099609
185.512207031
196.977783203
203.266845703
202.926025391
197.563964844
190.196044922
188.389892578
189.229736328
188.5390625
186.29296875
186.274169922
188.500976562
197.842041016
197.691162109
197.439941406
190.32421875
188.575927734
194.304199219
190.770751953
186.171875
196.877197266
195.791992188
198.772949219
200.750976562
190.407958984
194.134033203
196.581787109
184.812988281
196.982910156
189.656982422
200.803955078
191.53125
185.864013672
195.375244141
189.100097656
193.591796875
186.162109375
196.833740234
189.25
199.331054688
194.685791016
194.394287109
191.288085938
190.782958984
182.311035156
187.987060547
191.647949219
193.829101562
189.392089844
186.3359375
185.794921875
190.879882812
190.560791016
187.353759766
194.704101562
196.433837891
191.116943359
189.458007812
194.228027344
189.775146484
193.375976562
197.638183594
189.748046875
199.896728516
184.371826172
183.735839844
188.926269531
195.869873047
188.868164062
187.339111328
185.247070312
192.124755859
194.560791016
200.027099609
183.183105469
200.804931641
189.254150391
208.208984375
193.651123047
192.079833984
185.283203125
188.104980469
195.599853516
186.444091797
188.188232422
206.129150391
191.399169922
196.315917969
189.394042969
196.313964844
190.754882812
195.297851562
191.757080078
201.696044922
205.0390625
191.347167969
186.208007812
191.992919922
198.645019531
194.163085938
201.345703125
194.744140625
191.954101562
192.650146484
195.618164062
187.893066406
221.803710938
207.908691406
191.968261719
193.331054688
187.388183594
197.75390625
188.524169922
187.308837891
188.51171875
188.670166016
195.410888672
204.457763672
196.942871094
184.034179688
194.921875
187.165771484
194.606933594
196.493164062
215.670898438
227.049072266
220.143066406
190.505859375
192.631103516
185.835205078
193.480957031
189.638671875
187.234130859
193.590087891
191.990966797
185.078125
185.863037109
184.895996094
200.54296875
193.660888672
190.472900391
194.112792969
192.46484375
194.441162109
195.665771484
188.770019531
189.967773438
199.731933594
183.621826172
186.153808594
185.066894531
192.668945312
194.109130859
185.564941406
193.485107422
187.961181641
194.462890625
184.193847656
196.959228516
187.802734375
197.548095703
202.588134766
192.847900391
192.853759766
189.083007812
190.354248047
189.706054688
193.583984375
188.700927734
191.852050781
192.901367188
188.211181641
198.458984375
185.07421875
184.004150391
199.696044922
192.739013672
194.701904297
192.065917969
195.373046875
190.638916016
194.320800781
180.266845703
188.479003906
190.621337891
189.620849609
190.907958984
182.995849609
192.467773438
196.418212891
189.795898438
197.329101562
198.625244141
191.988037109
197.853271484
192.755126953
190.570068359
191.356933594
192.866943359
187.727050781
199.373046875
186.273193359
192.882080078
189.336914062
190.958007812
190.747070312
188.604980469
188.935058594
194.518066406
187.353027344
193.897949219
192.107177734
191.79296875
185.614013672
194.876953125
185.989990234
191.744140625
190.749267578
180.344970703
191.0
187.024169922
188.291992188
202.891845703
188.850097656
191.284667969
179.703125
185.493896484
188.427001953
188.910888672
192.529785156
187.359863281
202.312011719
194.655761719
201.125
190.546142578
196.515136719
187.013183594
193.833740234
193.256835938
190.87890625
198.581054688
211.256103516
197.923339844
194.578125
193.260253906
187.479003906
191.83203125
196.612792969
192.446044922
195.932128906
192.246826172
190.131835938
194.529785156
190.834228516
192.663818359
186.524902344
186.166259766
197.812988281
192.897216797
188.173095703
195.093017578
190.228759766
190.5390625
188.197265625
199.094970703
185.458984375
186.00390625
195.880859375
192.835205078
190.721923828
193.499267578
191.062988281
191.720214844
192.198974609
189.967041016
188.340820312
191.927246094
192.308105469
185.594970703
195.172851562
184.892333984
201.864990234
189.712890625
194.777099609
201.197753906
190.41015625
188.203857422
186.540771484
187.157226562
185.358154297
184.735107422
194.342285156
198.643066406
199.808105469
192.979980469
199.932128906
193.306152344
173.385986328
184.357177734
188.986083984
191.208251953
190.252197266
191.334228516
195.685058594
189.137939453
193.229248047
190.271972656
192.588134766
188.660888672
190.875244141
188.333984375
198.462890625
184.947998047
199.755126953
191.928955078
194.942138672
188.794921875
190.425292969
193.320068359
191.7109375
192.015869141
203.254882812
198.564941406
192.035888672
188.99609375
186.444824219
191.877685547
196.973144531
190.783935547
198.670166016
181.732177734
187.362792969
188.394042969
197.984863281
201.198974609
196.049072266
193.656738281
190.520019531
199.290039062
196.537841797
204.380126953
198.412841797
202.019042969
181.581054688
198.221191406
195.548828125
201.518066406
204.650878906
197.537841797
191.817138672
194.923095703
181.875
183.240966797
200.292236328
183.915771484
194.124023438
185.844238281
198.673095703
192.006103516
194.077148438
185.876953125
189.832763672
197.307861328
182.557861328
194.424072266
192.560058594
186.141845703
189.288085938
190.120117188
190.361083984
185.806152344
180.988037109
196.940917969
189.075927734
194.929199219
190.569824219
190.91796875
189.728027344
194.0
194.827880859
187.076904297
195.67578125
201.341064453
202.836914062
193.546875
188.235839844
191.318115234
193.034667969
205.917236328
197.986816406
196.323242188
189.137939453
194.677001953
192.273925781
200.747070312
196.691162109
191.157714844
187.454833984
186.749755859
191.163818359
189.434814453
201.549072266
193.222900391
189.318847656
193.229003906
189.703857422
194.650146484
200.851074219
186.2578125
198.402099609
186.091796875
191.455810547
187.91796875
194.399902344
183.866943359
191.83203125
184.413085938
185.546875
195.743896484
189.87890625
184.703125
196.659912109
194.6640625
194.668945312
188.994873047
194.208007812
189.384765625
194.320800781
202.237060547
187.373046875
191.612792969
191.935058594
186.550048828
188.354003906
200.210205078
189.845703125
196.643066406
186.042236328
185.887695312
195.366943359
190.725830078
187.008056641
183.261962891
194.411865234
195.939941406
185.450195312
197.110839844
185.776123047
199.063964844
196.494140625
194.007080078
195.438720703
192.974121094
188.825927734
190.305908203
194.256103516
191.087158203
189.183837891
191.814208984
196.08203125
192.607910156
194.766113281
197.135986328
188.09375
192.948974609
190.643066406
191.436035156
196.365966797
198.902099609
188.109130859
183.497070312
182.572021484
190.271728516
186.396728516
186.533935547
205.480957031
189.82421875
193.818115234
198.255126953
199.795898438
197.850097656
196.405273438
202.844238281
196.688232422
190.304931641
197.879150391
198.54296875
190.95703125
192.620117188
192.726806641
183.078857422
191.337158203
189.087158203
194.766113281
199.372070312
186.411865234
192.394042969
196.375
190.965820312
191.446044922
185.450195312
201.427001953
188.125
190.495849609
214.090820312
208.088867188
192.048095703
184.21484375
195.082763672
201.139892578
193.489990234
204.405029297
192.254882812
189.383056641
192.337158203
190.12109375
198.997070312
206.464111328
196.745849609
193.300048828
190.361083984
189.540039062
200.897949219
201.695800781
197.252929688
192.061767578
193.748046875
200.127197266
196.293212891
186.732910156
186.758056641
191.005859375
184.891113281
198.870117188
195.328125
205.190185547
193.716064453
193.426025391
200.893066406
193.603027344
192.963867188
201.932128906
194.969970703
189.288818359
188.245117188
204.524902344
187.643066406
202.296875
197.540771484
197.91796875
201.615234375
194.701904297
201.850097656
200.084228516
200.367919922
189.616210938
198.765136719
202.568847656
194.515136719
199.541748047
189.840087891
187.823974609
194.666015625
205.032958984
202.058105469
200.019042969
202.295166016
192.451904297
193.864257812
198.201904297
196.841064453
189.611083984
207.806152344
199.659179688
192.508056641
191.541015625
189.919921875
199.864013672
194.669921875
199.470947266
195.912353516
197.971923828
196.405029297
193.447998047
193.705078125
196.344970703
194.856933594
206.792236328
199.860839844
202.84375
194.875
195.321777344
203.711181641
204.561767578
202.165283203
197.713867188
198.652099609
197.983154297
189.561035156
186.605957031
192.137939453
194.168945312
189.20703125
186.156982422
199.262939453
194.930908203
190.790039062
185.506103516
188.006347656
188.712158203
189.897949219
197.345214844
197.080322266
183.426757812
192.263183594
192.46484375
185.182861328
185.167724609
198.868164062
199.103759766
196.376708984
192.395019531
191.829101562
203.874023438
187.187744141
195.177001953
201.659912109
205.935791016
200.020019531
194.489013672
202.008056641
191.048095703
195.508056641
189.416015625
188.114990234
195.066894531
199.492919922
191.224121094
209.013916016
195.677978516
195.770019531
193.203125
189.080810547
192.283203125
186.788085938
183.011962891
198.246826172
190.181884766
188.954101562
189.886962891
186.880126953
187.423828125
197.635009766
201.839111328
193.781982422
200.406982422
197.612060547
195.469238281
196.742919922
195.277832031
189.397216797
197.268066406
190.647705078
187.518066406
201.6640625
203.816162109
192.255126953
193.750976562
196.631103516
191.381347656
205.913818359
195.096923828
195.045898438
192.382080078
198.248291016
208.514892578
196.634033203
194.720947266
191.271728516
199.058105469
186.256835938
200.465820312
191.012939453
197.760009766
189.862060547
201.812988281
199.706054688
200.950683594
191.846923828
190.693847656
192.052734375
206.208007812
194.110839844
199.852050781
192.548095703
194.180175781
203.288085938
197.695068359
193.283935547
188.068359375
189.183837891
191.296142578
197.924804688
191.514892578
192.524169922
198.976806641
200.781738281
190.677978516
188.651855469
186.895019531
195.811035156
202.900878906
201.856933594
190.881103516
198.100097656
187.495849609
187.544189453
184.842041016
192.641113281
182.896240234
182.422851562
196.351074219
185.803710938
193.094970703
182.340820312
186.713867188
203.889892578
197.096923828
197.275878906
181.929931641
185.41796875
196.666015625
198.424804688
199.975830078
189.72265625
196.092041016
185.864013672
189.317871094
190.779785156
192.391113281
192.33203125
189.863037109
192.739013672
184.937011719
199.036132812
185.599121094
218.025146484
168.912841797
229.406982422
207.221923828
197.570068359
195.192138672
192.694824219
198.115966797
191.118164062
185.701904297
189.196044922
195.490966797
190.875976562
200.238769531
196.986083984
191.031005859
191.372070312
204.299072266
193.074707031
182.795898438
187.859863281
197.078857422
189.645996094
193.718994141
199.122070312
205.484863281
204.207763672
187.677978516
207.278076172
