889.115966797
104.408935547
32.8681640625
65.28125
59.9309082031
40.2739257812
47.8198242188
30.2739257812
83.1579589844
84.2731933594
56.3649902344
44.16796875
102.967041016
45.080078125
37.5021972656
35.3049316406
41.0690917969
54.3542480469
86.6840820312
41.4609375
54.8151855469
25.7229003906
64.1928710938
74.1911621094
42.45703125
27.376953125
69.9089355469
71.6889648438
60.4831542969
42.5993652344
78.3999023438
51.125
42.7980957031
30.5522460938
26.3132324219
99.6130371094
52.0920410156
39.4191894531
28.5183105469
33.5419921875
90.9509277344
53.7751464844
35.1779785156
85.3110351562
43.9250488281
49.462890625
36.21484375
46.4338378906
102.778808594
57.8720703125
37.5419921875
84.2719726562
59.6040039062
63.3649902344
36.1381835938
84.9299316406
48.5510253906
51.2580566406
33.1127929688
62.96875
56.6447753906
37.5329589844
27.8869628906
31.3620605469
94.1728515625
54.83984375
44.4289550781
32.9567871094
107.870117188
45.8669433594
49.9780273438
31.3161621094
31.6591796875
60.3479003906
49.4670410156
47.5209960938
33.4938964844
76.5649414062
41.7109375
51.6291503906
38.466796875
91.0300292969
57.5690917969
39.4758300781
32.2548828125
30.0891113281
96.5051269531
45.4538574219
31.12890625
36.4509277344
72.7197265625
37.0739746094
50.2998046875
34.5368652344
29.1999511719
100.599121094
40.58203125
28.2121582031
39.5578613281
85.8049316406
41.6398925781
38.6328125
27.6809082031
66.8630371094
43.16796875
47.0961914062
29.8859863281
31.1870117188
61.6989746094
39.0170898438
45.0441894531
37.2736816406
38.5979003906
58.8527832031
35.3291015625
28.9758300781
28.2021484375
84.8901367188
52.5129394531
29.8937988281
29.9702148438
83.4931640625
41.1159667969
44.6069335938
28.0070800781
37.5822753906
74.3549804688
47.7241210938
36.5759277344
30.5661621094
93.7800292969
67.025390625
66.919921875
39.2919921875
39.1979980469
96.5427246094
44.244140625
49.6547851562
29.3139648438
37.7661132812
92.787109375
40.9890136719
44.9719238281
29.4558105469
32.4438476562
60.2270507812
51.8100585938
38.4951171875
30.7761230469
31.9228515625
60.2893066406
43.1420898438
50.1179199219
38.3249511719
92.5222167969
49.9299316406
37.9111328125
62.7790527344
68.4851074219
44.1618652344
37.298828125
29.8686523438
28.4360351562
99.5637207031
50.9299316406
29.0190429688
30.1220703125
57.6520996094
49.7431640625
43.4580078125
37.0229492188
33.587890625
84.9282226562
49.5869140625
44.5588378906
31.5961914062
55.8811035156
79.1809082031
53.5231933594
30.9709472656
30.6357421875
109.552978516
78.0939941406
37.2370605469
31.0458984375
31.1318359375
83.7470703125
50.0659179688
40.2373046875
43.6000976562
104.063964844
41.00390625
38.3662109375
32.7790527344
108.262939453
35.7409667969
38.9172363281
30.7700195312
24.8720703125
51.4848632812
53.8190917969
45.7431640625
42.8349609375
66.2341308594
35.4328613281
36.3381347656
30.8408203125
35.9748535156
48.0622558594
65.2790527344
48.1022949219
25.9050292969
28.4399414062
68.0849609375
40.4260253906
28.0329589844
88.8229980469
45.9260253906
38.8410644531
36.9897460938
37.6779785156
65.1770019531
42.7492675781
28.0241699219
35.4768066406
92.2780761719
46.5300292969
32.8491210938
29.5690917969
62.6281738281
41.3640136719
35.3510742188
37.0510253906
55.8032226562
65.4990234375
50.9709472656
28.9777832031
30.328125
69.5939941406
37.6069335938
40.3591308594
32.3139648438
33.4931640625
59.580078125
57.2458496094
52.875
35.2421875
70.7390136719
42.8549804688
43.9548339844
74.9489746094
49.494140625
45.0041503906
29.1108398438
29.3039550781
86.8811035156
43.9289550781
32.1591796875
45.8828125
70.2072753906
51.33203125
33.2790527344
40.9111328125
86.08984375
46.8308105469
37.1667480469
26.1650390625
34.4311523438
97.8801269531
53.5197753906
35.4169921875
56.6889648438
66.4978027344
40.287109375
38.3620605469
36.7041015625
49.2880859375
44.5900878906
39.0910644531
29.916015625
28.0461425781
112.688964844
42.2722167969
37.6689453125
29.3840332031
74.3100585938
43.3991699219
47.1381835938
31.4111328125
28.2138671875
71.3161621094
44.4030761719
39.8271484375
41.4951171875
77.3208007812
47.6120605469
40.0549316406
42.6408691406
25.8430175781
62.5510253906
55.3930664062
45.91796875
32.0
28.0949707031
54.5500488281
51.958984375
41.8698730469
44.4418945312
39.5900878906
102.182861328
48.2788085938
36.6789550781
30.7099609375
100.674072266
42.546875
34.6557617188
42.3950195312
96.4521484375
46.2719726562
39.5959472656
38.544921875
78.6560058594
40.9467773438
34.1008300781
70.4040527344
62.6708984375
52.3879394531
32.5173339844
90.7839355469
39.3469238281
43.6550292969
41.5610351562
94.3928222656
58.7797851562
54.1691894531
38.7778320312
41.4689941406
96.4499511719
40.6201171875
33.2670898438
104.693115234
36.5900878906
57.5310058594
34.8640136719
122.729980469
41.3059082031
41.1857910156
49.3012695312
51.8327636719
41.1169433594
32.6960449219
102.873046875
46.0261230469
30.3269042969
33.1171875
87.3901367188
43.9489746094
36.9011230469
31.5419921875
91.001953125
47.2009277344
34.9118652344
30.7126464844
78.8420410156
43.4631347656
51.4951171875
28.5578613281
31.4672851562
45.3549804688
60.2756347656
59.2199707031
30.9799804688
56.9509277344
58.3908691406
47.1162109375
30.8981933594
31.3681640625
96.9182128906
42.9838867188
28.9289550781
27.6638183594
64.6579589844
37.2478027344
35.8637695312
29.3330078125
92.8430175781
39.341796875
28.0339355469
31.1611328125
112.218261719
51.0766601562
28.3010253906
26.9780273438
51.2041015625
51.044921875
40.2041015625
29.9912109375
26.1608886719
61.2509765625
38.2116699219
38.3811035156
30.7468261719
28.8679199219
89.490234375
36.8481445312
27.7961425781
29.494140625
52.7458496094
47.8010253906
38.0268554688
30.5939941406
31.4221191406
77.1086425781
43.99609375
32.5437011719
28.2321777344
96.7458496094
47.2121582031
38.6840820312
27.8669433594
74.296875
65.4270019531
43.5581054688
33.9719238281
31.1040039062
97.5617675781
42.2448730469
40.4558105469
40.2629394531
83.9650878906
44.2241210938
35.1831054688
26.9291992188
29.7370605469
66.9123535156
38.5212402344
40.2021484375
31.5461425781
29.9738769531
95.212890625
42.6860351562
36.8879394531
33.6118164062
79.8239746094
39.8168945312
40.5148925781
29.3120117188
94.7260742188
46.1430664062
40.9799804688
29.8188476562
51.6279296875
53.4177246094
58.3859863281
40.3510742188
31.7407226562
99.2131347656
42.7009277344
41.9191894531
39.0
68.2810058594
46.3950195312
39.9670410156
26.12109375
26.2409667969
101.627685547
46.453125
31.25390625
28.1906738281
68.0517578125
56.580078125
47.5478515625
30.3239746094
28.7690429688
66.7819824219
44.1650390625
43.3937988281
24.1669921875
67.5048828125
45.0988769531
36.3210449219
27.1589355469
27.4699707031
42.0522460938
39.9069824219
50.3110351562
32.1391601562
28.451171875
73.130859375
33.6408691406
44.244140625
32.7080078125
36.4440917969
72.7690429688
45.6801757812
29.8610839844
29.4279785156
46.6350097656
41.8168945312
29.1569824219
27.6838378906
49.5
48.9001464844
46.0061035156
34.0502929688
31.4230957031
87.880859375
44.3278808594
29.8818359375
28.3779296875
98.4360351562
50.4851074219
34.0021972656
33.4201660156
84.8159179688
37.9221191406
46.2438964844
37.8630371094
55.7788085938
52.748046875
40.6857910156
29.9689941406
30.1667480469
93.6867675781
46.298828125
38.1638183594
28.2729492188
71.7119140625
40.9619140625
41.3508300781
38.3989257812
31.8310546875
49.4931640625
57.7951660156
48.708984375
34.208984375
48.1169433594
36.8850097656
40.3837890625
29.0498046875
31.0249023438
68.0852050781
41.4450683594
53.29296875
33.9890136719
102.548095703
52.341796875
27.705078125
29.419921875
81.8928222656
51.2199707031
29.5659179688
43.2661132812
62.4821777344
47.6259765625
37.4611816406
29.0903320312
32.8190917969
72.3991699219
45.0241699219
32.5471191406
33.7490234375
63.6311035156
36.2888183594
41.7131347656
25.2358398438
26.4460449219
96.337890625
40.67578125
37.2788085938
27.1457519531
78.70703125
39.3068847656
33.1848144531
31.5180664062
28.0170898438
78.8798828125
43.0139160156
36.6140136719
28.2170410156
68.3649902344
57.201171875
44.8061523438
31.1779785156
29.5688476562
82.5109863281
38.056640625
43.8720703125
35.7209472656
34.1169433594
68.4909667969
39.6979980469
41.6030273438
32.20703125
38.9890136719
69.083984375
47.1479492188
29.9221191406
30.3688964844
68.3181152344
48.5891113281
43.0720214844
34.333984375
92.4399414062
42.498046875
40.8618164062
31.8527832031
46.0288085938
74.3388671875
38.8081054688
29.4951171875
28.8120117188
85.5520019531
44.5649414062
33.16796875
29.9990234375
68.1040039062
45.3168945312
46.1130371094
44.1999511719
35.794921875
67.9357910156
42.6447753906
33.5559082031
72.3891601562
51.3000488281
43.9423828125
31.326171875
29.9172363281
57.1398925781
51.9890136719
40.8999023438
34.72265625
33.2419433594
53.7939453125
42.9301757812
38.6889648438
38.5222167969
86.5610351562
40.0280761719
32.951171875
30.1188964844
56.1491699219
61.4631347656
38.0458984375
29.3491210938
28.8278808594
81.5
43.1882324219
35.9719238281
38.1940917969
86.2739257812
48.6560058594
46.1008300781
25.8549804688
28.169921875
46.7770996094
71.1108398438
41.1479492188
28.6450195312
30.3190917969
67.8825683594
38.3989257812
45.6381835938
28.8427734375
73.4438476562
45.2231445312
46.2583007812
31.1569824219
30.9299316406
72.5307617188
46.2109375
34.0598144531
28.5361328125
69.2751464844
43.8110351562
32.6860351562
30.8850097656
53.9208984375
43.5852050781
50.9987792969
27.75
30.2590332031
63.3061523438
38.4680175781
43.0590820312
27.5300292969
33.7309570312
62.9052734375
36.7036132812
46.5051269531
35.1159667969
36.4240722656
79.7800292969
43.8857421875
29.9909667969
88.9050292969
50.2058105469
37.5102539062
27.9838867188
52.3369140625
59.3950195312
58.6838378906
33.7150878906
34.1418457031
76.1701660156
45.1809082031
42.1450195312
39.759765625
78.0119628906
45.2351074219
41.5009765625
29.4709472656
33.7172851562
90.6909179688
46.2509765625
43.0300292969
29.2490234375
99.3049316406
42.4809570312
40.8393554688
33.9880371094
62.6899414062
45.3579101562
28.8420410156
30.4760742188
55.4819335938
65.6267089844
40.9792480469
30.8950195312
30.2260742188
84.1850585938
43.7758789062
39.91796875
37.9047851562
71.5190429688
44.3210449219
32.0029296875
32.2648925781
86.6301269531
44.2021484375
27.9929199219
28.8120117188
77.841796875
40.501953125
50.4169921875
30.7258300781
69.0930175781
55.6291503906
45.5607910156
32.9379882812
30.6689453125
72.3737792969
59.5180664062
49.4870605469
50.5981445312
39.4282226562
32.2080078125
30.6020507812
60.3791503906
42.1579589844
27.2719726562
44.5551757812
91.3962402344
47.9079589844
52.4599609375
31.7299804688
27.4333496094
81.9399414062
52.9750976562
44.1169433594
39.4689941406
97.4521484375
48.6052246094
39.3308105469
31.0329589844
33.4460449219
89.9150390625
43.0051269531
42.1027832031
31.4599609375
52.0610351562
62.1960449219
60.5520019531
31.9899902344
32.740234375
92.4421386719
47.5200195312
30.19921875
30.91796875
91.4367675781
47.3181152344
39.4450683594
30.5849609375
66.7573242188
59.833984375
43.80078125
31.3391113281
28.7797851562
92.6630859375
41.498046875
45.4929199219
30.3208007812
91.4150390625
51.8422851562
38.2758789062
26.5668945312
76.4799804688
69.1279296875
45.126953125
30.0952148438
30.1911621094
89.1682128906
46.3527832031
49.373046875
29.7961425781
93.796875
43.330078125
31.6743164062
39.380859375
76.74609375
40.5571289062
49.3129882812
27.9270019531
28.6931152344
93.4577636719
67.1506347656
43.3310546875
29.5881347656
54.0080566406
66.1809082031
45.1999511719
37.0737304688
30.4477539062
85.8229980469
36.9328613281
26.3239746094
27.9899902344
82.4760742188
43.2451171875
42.6171875
25.9040527344
25.9118652344
52.5148925781
52.7521972656
51.9680175781
32.4738769531
42.2919921875
52.0231933594
45.1838378906
31.6550292969
36.203125
67.5161132812
39.8571777344
40.7521972656
29.0390625
64.0629882812
37.1770019531
41.7331542969
32.3801269531
32.5471191406
58.2080078125
62.1608886719
40.5412597656
29.5239257812
111.890869141
47.8068847656
30.7270507812
58.6896972656
49.3671875
42.1730957031
29.5810546875
71.9331054688
51.3449707031
56.7150878906
31.8217773438
41.0222167969
73.6140136719
41.2958984375
27.75
30.5173339844
103.419189453
59.9399414062
37.73828125
31.2800292969
91.5151367188
46.3317871094
31.0161132812
40.8330078125
61.1650390625
43.3759765625
28.5268554688
33.458984375
50.9689941406
43.7629394531
42.5510253906
29.5180664062
56.96484375
63.619140625
47.1899414062
29.5090332031
30.7468261719
91.5190429688
46.8649902344
28.546875
33.2319335938
79.0737304688
41.6042480469
38.6359863281
34.7741699219
69.8327636719
72.6538085938
39.1208496094
39.5578613281
32.2338867188
99.0129394531
43.4880371094
52.5190429688
40.3891601562
76.9768066406
51.6003417969
35.5852050781
37.8083496094
82.6721191406
50.9660644531
30.5908203125
29.9270019531
119.359863281
44.1027832031
41.7509765625
37.7041015625
59.9370117188
42.4201660156
32.2548828125
37.5837402344
55.3649902344
62.9680175781
41.6149902344
30.4379882812
87.5798339844
36.9538574219
38.4741210938
32.9250488281
99.3217773438
50.6796875
44.296875
37.9030761719
50.4899902344
47.9802246094
30.7419433594
24.2080078125
27.9919433594
50.8640136719
43.8046875
32.5151367188
24.4887695312
25.7341308594
40.19921875
39.1838378906
23.5051269531
23.6818847656
77.9958496094
39.1401367188
24.408203125
23.048828125
77.2399902344
39.0080566406
24.0402832031
23.9990234375
77.1728515625
35.8657226562
25.0600585938
22.66796875
55.4501953125
39.9370117188
32.0288085938
24.1259765625
31.8947753906
48.9248046875
32.0300292969
25.0358886719
47.5886230469
35.37890625
33.70703125
24.4360351562
25.8149414062
61.9692382812
34.0158691406
30.5581054688
23.7719726562
34.9592285156
45.3322753906
32.7751464844
22.2829589844
24.8940429688
78.6098632812
39.9079589844
21.9929199219
20.9318847656
58.130859375
