440.829833984
174.895996094
85.8742675781
156.720214844
101.206054688
113.999267578
114.565917969
133.801269531
133.923828125
101.872802734
134.491699219
144.674072266
111.802001953
102.699951172
101.981933594
139.669921875
117.976806641
93.6259765625
124.640869141
141.308105469
111.271728516
103.29296875
117.094970703
127.691894531
141.001953125
107.052246094
113.235107422
106.003173828
144.809082031
118.588867188
90.4812011719
106.415039062
152.25
95.75
100.796875
108.152099609
129.605957031
98.8010253906
129.350097656
108.095947266
136.096191406
99.5009765625
107.333984375
115.165039062
118.091064453
125.815673828
104.669921875
98.4951171875
116.413085938
140.751953125
111.885986328
127.040039062
106.857910156
108.577880859
137.540039062
108.278076172
100.302978516
108.292236328
126.202880859
98.8239746094
105.08203125
101.069091797
144.307128906
138.643066406
97.3430175781
114.103027344
91.75390625
132.850830078
129.765869141
92.2331542969
98.5759277344
138.104003906
125.203125
96.32421875
110.839111328
139.248046875
127.901611328
104.506103516
102.456054688
110.70703125
143.223144531
103.122070312
78.4392089844
139.864013672
136.952148438
111.191162109
99.4399414062
103.530761719
146.958984375
96.6301269531
111.252929688
102.627929688
126.643798828
152.031982422
149.391845703
116.523193359
107.076904297
119.159912109
145.433105469
115.73828125
111.506103516
111.0078125
114.197021484
123.814208984
105.814208984
121.573730469
113.787841797
93.8449707031
119.871826172
111.218017578
132.071044922
125.208007812
93.6271972656
105.105957031
105.754882812
135.116943359
126.070068359
97.7641601562
114.226074219
115.114013672
150.397949219
117.326904297
108.633056641
115.624023438
106.486816406
101.455078125
102.447998047
143.218994141
111.16015625
109.765869141
115.289794922
131.856933594
99.0610351562
106.612060547
123.672119141
104.819091797
156.922851562
114.768066406
114.970214844
114.399902344
147.030273438
133.583984375
108.333251953
101.233886719
129.025146484
134.980224609
111.990966797
97.1350097656
103.558105469
150.687011719
120.727050781
100.983154297
117.78125
123.37109375
90.7106933594
110.451171875
129.711914062
105.407958984
104.479003906
107.190917969
128.251953125
101.765136719
114.710205078
95.2009277344
134.9609375
138.864990234
93.5380859375
103.031005859
106.84375
137.739013672
111.770996094
123.099121094
98.4357910156
107.839111328
139.92578125
95.2690429688
109.62890625
122.647949219
144.981201172
97.5549316406
99.0510253906
111.228027344
134.706054688
132.285888672
110.671875
95.4638671875
130.584960938
132.706787109
130.885253906
117.684082031
104.691894531
116.916748047
138.699951172
93.9938964844
102.466796875
113.918212891
133.209960938
105.234130859
116.800292969
111.267089844
136.532958984
97.9750976562
107.437988281
107.235351562
114.229248047
130.222900391
99.7099609375
112.842285156
103.640136719
144.145019531
136.911865234
89.0727539062
99.9089355469
143.5078125
109.737792969
93.9008789062
101.885009766
138.074707031
94.5339355469
99.9838867188
117.169921875
142.486816406
137.569091797
102.552734375
99.7751464844
102.162109375
120.036865234
113.983886719
94.7709960938
107.186767578
136.428222656
92.1892089844
100.957275391
105.855957031
136.140869141
90.3947753906
85.9990234375
129.244873047
121.652099609
92.1379394531
96.9428710938
127.700195312
129.483886719
102.085205078
111.785888672
108.137939453
101.006103516
107.766845703
134.119140625
123.937988281
102.875976562
111.587890625
102.317138672
127.329833984
102.907226562
102.004882812
100.581787109
136.674072266
130.164794922
94.2292480469
113.12890625
139.5078125
105.303955078
103.501220703
114.537109375
137.784912109
104.380126953
137.820068359
104.395263672
110.0078125
135.344970703
107.601074219
107.036132812
114.156982422
138.587890625
104.937988281
92.3059082031
104.663085938
127.681884766
95.5129394531
120.431884766
99.87890625
127.597167969
107.689941406
114.143798828
121.945068359
155.478027344
125.649902344
118.549072266
103.023193359
134.354980469
106.971191406
100.406982422
104.716064453
127.193115234
100.551269531
114.529296875
102.778808594
148.332275391
112.577880859
97.9938964844
98.9890136719
131.433837891
127.316894531
102.197998047
115.302978516
149.710205078
105.770263672
101.853027344
103.118164062
136.155761719
113.590820312
98.5310058594
108.027099609
139.529785156
101.758056641
103.869140625
105.744140625
131.545898438
124.237060547
94.6901855469
112.524169922
133.443115234
99.1147460938
120.256103516
106.736816406
133.134033203
108.514160156
102.692138672
101.311767578
136.813964844
144.306884766
101.482910156
125.91796875
94.0949707031
139.419921875
102.899902344
108.114746094
107.941894531
125.548095703
142.694824219
131.645019531
86.8671875
117.828125
113.471923828
122.2109375
102.237060547
118.833984375
130.935058594
86.8120117188
112.610839844
137.599121094
107.254882812
93.0537109375
107.067871094
143.213134766
125.896972656
94.2521972656
88.8168945312
147.131103516
95.3168945312
100.812011719
106.620117188
129.468017578
105.090087891
110.071044922
148.204833984
131.49609375
109.134033203
79.7182617188
147.306884766
145.125732422
99.6899414062
122.858154297
101.574951172
112.887939453
125.598144531
97.6550292969
136.382080078
105.115966797
133.389892578
118.257080078
127.689941406
126.025146484
123.936279297
138.027832031
114.239013672
115.224853516
113.62890625
139.009033203
98.5888671875
96.4729003906
102.169921875
145.823974609
109.567138672
114.336914062
106.691894531
110.561035156
127.447265625
100.707275391
110.303955078
101.791992188
143.706054688
104.154052734
103.890869141
112.935791016
135.794921875
98.9060058594
100.324951172
133.383056641
136.161132812
105.622070312
101.455078125
105.395996094
144.503173828
137.135009766
101.232177734
102.479003906
101.468017578
142.170898438
133.665283203
110.638671875
99.5947265625
136.984130859
106.62890625
104.105957031
101.229980469
149.572021484
116.666992188
93.2419433594
101.523925781
131.169677734
95.2568359375
106.322021484
96.9331054688
144.5
113.070068359
95.8100585938
121.938720703
122.836914062
96.7229003906
105.009033203
114.455078125
119.048828125
89.5749511719
100.845947266
149.299072266
109.730957031
99.6848144531
96.5219726562
126.330078125
99.1298828125
95.4321289062
101.240966797
135.55078125
102.517089844
150.322753906
114.907958984
115.336914062
136.281982422
98.2260742188
104.189941406
101.808105469
134.056640625
98.5891113281
135.143066406
97.7438964844
134.950195312
108.0078125
93.2856445312
108.519042969
141.369873047
132.406982422
109.183837891
90.2690429688
118.059082031
111.552001953
138.959960938
103.312988281
109.938964844
101.333984375
141.921875
134.70703125
92.8740234375
96.8291015625
132.523925781
100.162109375
101.219970703
113.628173828
128.045166016
100.421142578
81.6850585938
144.399169922
99.9001464844
108.250976562
112.975097656
150.229980469
101.75
101.097900391
115.811035156
131.011962891
108.41015625
115.330322266
118.563964844
142.239990234
138.75390625
90.4680175781
98.4567871094
133.329345703
107.297851562
111.958984375
111.747070312
142.430908203
92.6789550781
117.837158203
118.505126953
123.787841797
89.037109375
105.574707031
134.072998047
112.29296875
95.8930664062
106.723144531
130.105957031
97.4860839844
123.842041016
103.83984375
150.017089844
115.777099609
99.1079101562
110.782958984
112.031005859
125.199951172
93.5009765625
130.837890625
103.320068359
115.41796875
142.224609375
109.281005859
95.8840332031
110.710205078
125.206054688
113.802978516
98.2768554688
100.656005859
120.654052734
137.122802734
113.929199219
134.9140625
93.9379882812
114.992919922
137.986083984
97.9270019531
114.994140625
115.034179688
119.422119141
97.8178710938
114.648193359
101.181884766
134.669921875
100.626953125
127.738769531
103.545898438
130.399902344
100.562011719
148.268066406
100.153076172
121.467041016
122.750976562
97.9838867188
132.348876953
97.9228515625
98.568359375
106.424072266
135.081054688
94.7370605469
103.936035156
107.738037109
143.490966797
110.780029297
136.021240234
97.7158203125
124.841064453
121.426025391
99.6538085938
112.067871094
144.728027344
113.99609375
94.3010253906
110.314941406
117.978027344
146.835205078
93.9230957031
99.916015625
112.006103516
129.898925781
125.890869141
117.014648438
102.877197266
129.20703125
114.583007812
104.824951172
109.100097656
130.278076172
97.1999511719
113.598876953
97.7419433594
134.183105469
91.6181640625
102.8359375
114.473876953
152.844238281
136.358886719
104.727050781
99.8527832031
111.578857422
144.057128906
96.5412597656
92.8171386719
128.798828125
135.799072266
113.542236328
136.594970703
97.3537597656
105.997070312
141.354003906
106.356933594
99.9418945312
97.7270507812
144.722900391
109.959960938
101.708740234
148.023193359
107.058105469
141.439941406
119.653076172
112.369873047
98.4458007812
148.447021484
105.395996094
108.222167969
94.1101074219
134.215087891
104.440917969
99.7780761719
107.545166016
153.822998047
113.104980469
99.5446777344
110.588134766
116.265869141
132.831054688
115.975097656
91.7001953125
112.546142578
135.404052734
103.778076172
131.482177734
99.1472167969
134.747070312
113.635986328
108.876953125
110.633056641
121.624023438
129.800048828
105.208251953
104.810058594
117.695068359
134.775390625
97.4018554688
109.157958984
103.139892578
125.103759766
116.764160156
98.8269042969
110.322753906
125.978027344
114.844970703
105.927001953
99.8146972656
134.976318359
124.058105469
92.3081054688
102.014160156
130.402099609
137.612060547
111.48828125
105.475830078
135.110839844
100.940185547
106.052978516
125.654052734
139.203125
111.638183594
122.671142578
109.947998047
147.897949219
132.677001953
90.82421875
102.035888672
131.028076172
116.153076172
130.395996094
122.244873047
113.410888672
124.020019531
90.5380859375
97.3850097656
146.580810547
102.692871094
105.817138672
114.022949219
155.081787109
112.497070312
101.247070312
107.791259766
124.839111328
109.561035156
95.8271484375
104.720947266
138.887939453
113.888183594
139.2421875
125.142089844
106.625976562
151.145996094
104.422851562
99.3720703125
114.218017578
118.862060547
90.4870605469
105.398193359
136.33984375
125.172851562
103.924072266
116.492919922
149.685058594
115.222167969
99.08203125
101.482910156
151.327636719
101.467041016
102.737304688
121.736083984
128.555175781
96.9677734375
140.281005859
99.1030273438
150.138916016
132.662109375
97.9162597656
108.117919922
111.28515625
109.880859375
107.863037109
99.1188964844
116.968017578
143.216064453
104.465087891
124.598144531
93.4848632812
123.387939453
139.281005859
96.4128417969
110.662109375
125.577148438
138.812988281
135.444091797
107.385986328
126.447021484
102.04296875
137.479980469
145.096191406
98.1369628906
106.162841797
105.705078125
137.808837891
91.8811035156
94.7990722656
114.550048828
140.421875
115.661132812
91.5788574219
112.620117188
123.120849609
104.350097656
95.1730957031
134.982910156
96.2951660156
112.761962891
117.626953125
146.605224609
108.581054688
89.5361328125
110.174316406
135.712890625
102.941894531
113.441894531
96.6101074219
144.209228516
146.176025391
118.256103516
108.392822266
109.471923828
125.16796875
131.579101562
99.7380371094
103.548095703
101.719970703
139.523925781
100.481933594
106.870849609
107.464111328
138.259277344
96.8830566406
100.752929688
109.185791016
148.205078125
139.729980469
98.9541015625
119.171142578
109.322265625
136.111816406
102.6640625
107.531982422
119.695068359
138.538085938
114.908935547
112.219970703
106.541748047
138.136962891
108.776855469
106.136962891
103.316894531
131.406738281
101.361816406
104.156005859
117.311035156
111.608886719
135.725097656
105.402832031
119.693115234
129.518066406
139.584228516
117.422851562
112.860107422
110.504882812
131.737060547
110.302001953
85.5500488281
139.766845703
95.0478515625
121.144775391
112.041015625
140.485107422
107.604980469
86.8142089844
136.589111328
108.817871094
98.6198730469
108.426269531
104.166992188
134.314941406
99.45703125
108.737792969
100.857910156
131.813964844
129.813964844
101.740966797
91.3220214844
131.993896484
97.0100097656
140.022949219
109.521240234
116.216064453
121.406738281
104.640869141
105.736083984
135.696777344
128.601074219
140.191162109
98.2292480469
99.212890625
114.135986328
143.976318359
119.250244141
97.9440917969
96.3059082031
127.640869141
98.0329589844
109.635986328
116.968017578
148.364990234
116.272216797
138.229003906
112.225830078
116.084960938
113.615234375
147.136962891
125.978027344
96.1481933594
104.432128906
138.092041016
100.743164062
94.5393066406
102.576904297
137.153320312
107.563964844
110.841796875
102.120117188
147.828125
119.421875
135.058837891
93.0981445312
133.797363281
134.679199219
99.3430175781
122.565185547
103.851074219
150.239013672
123.915039062
103.463867188
116.772949219
130.120117188
102.596923828
109.753662109
105.559082031
120.833007812
131.563964844
102.391113281
85.9309082031
144.511962891
120.630126953
96.4331054688
101.414794922
132.156982422
100.460205078
121.687744141
115.400634766
118.542236328
123.613037109
110.165039062
81.1889648438
140.453857422
104.979980469
103.91796875
136.345947266
112.024169922
114.137207031
121.226074219
135.875732422
83.1108398438
97.8969726562
112.527099609
133.075927734
98.2351074219
128.149902344
109.163818359
145.181152344
136.805908203
113.956787109
132.699951172
101.429931641
106.328125
135.909912109
86.0158691406
103.889160156
134.923828125
129.392089844
103.838134766
95.4406738281
143.474121094
107.231933594
105.051025391
106.762695312
131.855224609
113.001708984
125.844970703
110.384033203
113.830078125
147.601806641
123.384765625
105.656005859
123.344970703
136.859863281
101.813964844
94.2150878906
111.502929688
130.248779297
115.635986328
98.6630859375
106.447998047
145.226074219
113.900878906
78.6071777344
132.044921875
98.3989257812
112.075195312
114.886962891
127.148193359
