702.712890625
436.430908203
307.677978516
289.524902344
286.930175781
279.230957031
269.307128906
269.031005859
265.011962891
263.638916016
273.045898438
273.845947266
264.791015625
258.254882812
250.444824219
252.849853516
276.708007812
263.3671875
262.313964844
259.281005859
253.66796875
257.142089844
260.054199219
258.644287109
260.430908203
270.587890625
254.20703125
265.530761719
254.364990234
265.881103516
250.622070312
274.980957031
265.913085938
257.023681641
264.443847656
250.269042969
256.398925781
264.264160156
248.104248047
266.582763672
251.770996094
251.738769531
251.749267578
241.360107422
256.989013672
260.261230469
252.720947266
261.020019531
247.529052734
259.493164062
261.930908203
246.510009766
255.189941406
254.741943359
264.427978516
245.559082031
256.084716797
249.473144531
249.779052734
259.878173828
260.825927734
264.615966797
249.291992188
257.570068359
249.327880859
260.177246094
256.887939453
251.102050781
265.720214844
249.718017578
255.665039062
255.751220703
258.362792969
251.123046875
253.722167969
258.353027344
262.510009766
251.397949219
257.866943359
263.242919922
261.510986328
253.099853516
257.800048828
244.770019531
266.293945312
265.426025391
254.108886719
255.568847656
256.565185547
252.356201172
255.523193359
252.400878906
260.071044922
247.816894531
249.931884766
272.558105469
255.722900391
248.344970703
255.604980469
260.729980469
252.920166016
261.844970703
265.302001953
252.156982422
267.277832031
252.097167969
256.045898438
252.947265625
249.851074219
241.126953125
257.881103516
254.989990234
241.844726562
251.024169922
254.775878906
258.041015625
263.524902344
244.840087891
259.270996094
246.220703125
256.322753906
241.467773438
248.899902344
249.159912109
252.575195312
264.973876953
251.755859375
260.341064453
257.258789062
259.084960938
263.363037109
262.409912109
247.800048828
258.541015625
245.037841797
254.543212891
264.353027344
251.826904297
261.133789062
242.677001953
256.743408203
260.595214844
248.744873047
247.807128906
248.083984375
253.658203125
251.353027344
261.969970703
250.453857422
245.683837891
243.208007812
251.082275391
254.538085938
256.016113281
258.322021484
247.105957031
261.672119141
256.118896484
252.924072266
247.575195312
255.099121094
249.267822266
256.496826172
258.612792969
254.100097656
254.071044922
257.398925781
260.9140625
261.834960938
266.954101562
273.854980469
256.899902344
255.658203125
262.394287109
256.692871094
252.810791016
267.46484375
256.312011719
267.160400391
249.700195312
251.475097656
271.711181641
255.6640625
263.650878906
266.444091797
339.371826172
252.854980469
252.313720703
251.751953125
260.260986328
253.788085938
266.648925781
265.346923828
262.488037109
262.233886719
255.831054688
278.312988281
249.427246094
253.227050781
354.227050781
262.310791016
251.607177734
251.811035156
250.157958984
254.427978516
251.1640625
254.600097656
252.312011719
262.072998047
253.277832031
251.425048828
261.346679688
256.686035156
266.739990234
266.454345703
255.745117188
267.119873047
250.921875
253.572021484
255.970947266
267.572021484
253.321044922
246.341796875
250.461181641
251.697998047
260.922119141
247.654052734
252.965087891
258.534912109
258.005126953
256.160888672
269.651123047
258.095947266
250.297119141
265.677978516
270.695800781
251.455078125
256.858154297
251.524902344
258.66796875
255.962158203
258.395019531
249.920898438
249.225830078
259.108154297
252.268066406
269.296875
249.618896484
258.146972656
257.388183594
249.777099609
256.259033203
260.416015625
242.530273438
253.485839844
259.336181641
258.872070312
261.706054688
255.804199219
255.178955078
259.00390625
254.368164062
258.362060547
251.692871094
251.66796875
251.908203125
267.448242188
268.120117188
256.715087891
262.034912109
255.772949219
249.681152344
251.064941406
259.190917969
254.297851562
261.642822266
255.790039062
256.348144531
265.620117188
256.754882812
254.044921875
256.96484375
250.770751953
268.759033203
269.66796875
255.25
259.169921875
255.270019531
262.138183594
252.758056641
260.45703125
259.703857422
264.611816406
251.493896484
259.493896484
265.104980469
249.520019531
258.295166016
257.623291016
251.892089844
257.701171875
255.997802734
249.140869141
245.572753906
246.451171875
260.687988281
254.864746094
255.489013672
249.089111328
258.031005859
257.370849609
273.580810547
251.8359375
256.298095703
264.682128906
254.342041016
272.645996094
267.331054688
268.373046875
263.902099609
262.723876953
259.019042969
259.91015625
261.725830078
293.743896484
264.544921875
254.718261719
263.802001953
250.613037109
255.84375
247.504882812
257.807128906
251.808349609
273.949951172
260.541015625
253.287109375
267.061767578
256.481689453
261.135986328
264.488037109
258.538085938
254.083984375
260.99609375
270.50390625
253.802978516
257.456054688
271.302978516
256.084228516
254.870849609
264.020019531
271.454101562
244.700927734
253.886962891
259.795898438
250.201171875
251.497070312
254.29296875
254.029785156
258.135986328
265.418945312
257.762939453
260.013183594
259.945068359
267.325195312
268.466064453
265.425048828
255.354980469
257.523925781
260.512207031
255.2421875
260.552978516
247.297119141
263.773925781
264.359863281
268.416748047
249.449951172
248.838134766
252.614990234
258.305908203
254.694824219
249.953125
262.480957031
250.445068359
259.458984375
273.438964844
243.528076172
248.605957031
256.118896484
249.497070312
250.918212891
268.778076172
251.997070312
256.031982422
255.986083984
252.82421875
256.210205078
273.389892578
257.636962891
260.297851562
259.370849609
258.238037109
248.600830078
264.246826172
263.392333984
271.113769531
264.225097656
251.937988281
259.91015625
257.395019531
263.556884766
265.189208984
256.230712891
259.680908203
262.133056641
263.485107422
260.794921875
254.543212891
262.434814453
256.962158203
251.068847656
253.584960938
254.470947266
259.853027344
261.0
255.155761719
254.495849609
257.58203125
257.761230469
250.217041016
255.545898438
261.328125
261.8828125
251.62890625
258.911132812
256.163085938
262.254882812
247.08203125
243.010009766
256.601806641
253.861083984
263.262939453
259.607177734
248.343017578
257.391113281
262.791748047
249.952148438
251.101806641
264.360839844
256.987304688
250.393798828
269.156982422
249.983154297
255.098144531
261.938232422
243.346923828
261.413085938
262.050048828
294.480957031
280.787841797
257.662109375
260.284912109
248.630859375
261.570068359
265.275146484
250.064208984
255.24609375
270.619140625
250.028076172
274.652832031
261.510986328
245.975830078
258.915771484
261.723144531
259.83203125
249.331054688
250.812988281
251.804931641
268.479980469
263.871826172
267.822998047
264.796875
257.091064453
276.300048828
252.385986328
252.141845703
258.060058594
265.399169922
252.630859375
243.403076172
259.072998047
254.295898438
271.554931641
240.4140625
257.573730469
268.885009766
254.975097656
250.314941406
264.909912109
260.221923828
247.865966797
259.233886719
260.354980469
254.608886719
255.052001953
262.995117188
256.337890625
260.179931641
265.064941406
262.928955078
264.343994141
263.103027344
262.813232422
255.402832031
272.600830078
260.978027344
248.197998047
264.640136719
256.83984375
262.564941406
265.274169922
258.969970703
261.66015625
254.077880859
269.508789062
258.006103516
259.940185547
256.781005859
262.952636719
271.225097656
260.430908203
263.442871094
261.270996094
257.685058594
259.179199219
250.909179688
262.032958984
271.867919922
248.473144531
255.190185547
261.823974609
268.251953125
258.201904297
259.598144531
256.273925781
255.608154297
249.857910156
256.002197266
253.07421875
265.579833984
260.877929688
260.392089844
269.565185547
258.693115234
258.365966797
265.495117188
267.051025391
277.666992188
282.877929688
257.142089844
264.635253906
264.750976562
263.307128906
269.644042969
267.706298828
279.718261719
266.899169922
268.537841797
278.674804688
256.169921875
253.406982422
270.532226562
261.212890625
254.394042969
251.287109375
265.961914062
265.432128906
257.020019531
270.602050781
256.695068359
257.468017578
256.177978516
260.265625
256.193847656
250.187744141
274.754150391
258.134277344
257.953857422
257.626953125
251.012939453
271.426025391
254.201171875
255.081787109
263.419921875
260.764160156
261.044921875
259.368896484
265.599121094
256.950683594
254.984863281
267.799804688
258.688964844
253.208740234
264.564208984
252.772949219
271.344970703
254.967773438
267.752929688
259.779785156
265.511962891
268.24609375
257.427001953
273.933105469
262.270996094
265.115966797
266.985107422
262.655761719
268.044189453
262.312988281
261.607177734
248.208984375
257.454101562
254.409179688
260.183837891
245.766113281
254.458007812
254.836914062
262.834960938
250.803955078
259.636230469
252.408203125
250.375976562
263.918701172
269.885253906
272.905761719
265.545166016
271.029052734
273.265869141
262.881103516
271.696044922
262.760009766
273.237792969
263.886962891
265.078125
279.468994141
279.230957031
267.072998047
270.951904297
267.511962891
274.892089844
267.138916016
268.456054688
264.848144531
254.952148438
270.453857422
279.714111328
268.297119141
261.585205078
255.952880859
258.272216797
275.111083984
259.307861328
256.591796875
259.705078125
256.803955078
273.721191406
273.081787109
258.219970703
254.367919922
263.969970703
249.350585938
259.399169922
257.822021484
253.409179688
269.024902344
252.748046875
254.033935547
264.287109375
258.357177734
254.677246094
272.395996094
261.147949219
259.475830078
252.020019531
261.154785156
260.233886719
258.311035156
254.546875
258.814941406
259.245849609
256.288085938
267.721923828
264.877197266
267.756835938
270.472167969
253.944824219
269.095214844
260.561035156
268.369873047
271.651123047
251.302978516
252.773925781
268.229980469
250.355957031
262.262939453
250.040039062
263.162841797
258.120117188
259.932861328
270.819335938
261.208007812
262.040039062
270.709960938
261.614990234
264.919921875
259.352050781
255.587890625
254.05078125
256.192138672
256.227050781
255.00390625
253.738037109
260.264892578
265.12109375
261.282958984
268.593017578
269.802001953
280.808105469
261.236083984
258.185058594
260.288085938
256.629882812
261.884033203
263.062988281
254.921142578
257.932128906
259.969970703
270.172851562
256.854980469
265.453125
271.330810547
257.077880859
274.201171875
264.485839844
263.813964844
260.988037109
262.852050781
257.786865234
272.855224609
257.990234375
267.240966797
265.880126953
261.342041016
255.323730469
266.408935547
266.823974609
256.184814453
266.277099609
265.757080078
258.840820312
255.356933594
258.680175781
266.049804688
261.480957031
258.225097656
259.680908203
268.175048828
270.458007812
264.031005859
260.889892578
252.755371094
265.78125
274.276123047
270.456054688
261.422851562
256.326171875
255.591308594
253.91015625
265.348144531
266.360107422
348.187011719
260.035888672
266.486816406
261.284179688
258.895263672
264.562011719
252.457763672
254.509765625
250.254882812
262.680908203
254.044921875
265.390869141
261.355712891
257.497070312
260.756835938
251.552246094
259.524658203
268.937255859
257.866943359
257.662841797
263.844970703
267.79296875
257.67578125
255.484863281
275.549072266
262.577880859
262.122314453
278.192138672
267.926757812
259.809814453
266.243896484
277.370849609
266.930175781
255.414794922
269.967041016
267.877197266
264.527099609
254.947753906
259.074951172
257.049072266
258.639160156
269.304931641
258.509033203
256.830078125
256.24609375
263.872070312
274.650146484
268.410888672
259.545166016
258.955078125
284.062011719
270.980957031
260.401855469
262.579833984
268.954101562
269.324951172
248.801025391
259.968017578
263.001953125
268.999267578
258.231933594
264.610107422
266.672119141
263.275878906
283.052001953
253.631103516
266.509033203
272.691894531
273.952880859
272.512939453
270.0078125
261.299072266
259.422119141
267.698974609
256.413085938
282.538818359
258.216064453
265.260009766
261.620849609
258.591064453
269.248046875
271.245849609
260.153076172
267.105224609
258.240966797
274.768066406
260.092773438
267.933837891
267.037841797
258.327880859
264.897216797
269.480957031
257.976806641
257.1171875
275.171142578
272.004150391
277.273925781
248.301025391
262.122802734
272.984130859
267.086914062
259.890136719
261.259033203
268.729980469
259.842773438
278.703369141
261.377929688
271.125244141
260.134765625
270.252197266
266.288085938
260.793945312
262.602050781
260.041015625
270.438964844
268.708007812
281.083251953
263.031005859
256.055908203
252.674804688
252.046875
269.911132812
264.428222656
269.222900391
268.688964844
269.986083984
267.102050781
272.502929688
259.823974609
278.391113281
268.888916016
273.310058594
273.397949219
268.450927734
264.946044922
263.153076172
264.104736328
249.652832031
265.200927734
258.065917969
257.732177734
260.773193359
272.045898438
263.233154297
253.284912109
251.426757812
252.353759766
261.735107422
259.315917969
275.809082031
261.816894531
263.0859375
256.593017578
267.826171875
257.230957031
260.238037109
261.216064453
268.517089844
266.891113281
259.244140625
252.399169922
268.686035156
255.613037109
255.518066406
261.081054688
269.20703125
252.58203125
272.57421875
263.878173828
267.131835938
262.455078125
263.057861328
263.093017578
269.114990234
255.300048828
274.436035156
255.361083984
267.893066406
266.597167969
264.032958984
253.251220703
261.925048828
260.829833984
255.861083984
254.916748047
260.898925781
258.347900391
261.668212891
257.488037109
259.630859375
268.309814453
257.374023438
258.807128906
262.162109375
252.116943359
261.363037109
251.808105469
262.856933594
266.883056641
261.935058594
252.739257812
257.052001953
267.570068359
263.168945312
270.178955078
261.333984375
262.854980469
266.524169922
271.802001953
259.147949219
258.431884766
264.345214844
269.693115234
261.959716797
264.450927734
252.849121094
260.385986328
264.096923828
270.750976562
269.380859375
263.558105469
