2185.54199219
788.805908203
697.856689453
659.381103516
702.350097656
577.514892578
963.729736328
769.181152344
1181.64599609
650.966064453
833.201904297
726.517822266
824.641113281
660.148681641
650.686035156
684.471923828
594.309082031
651.779785156
653.04296875
622.841064453
645.818847656
655.543945312
628.297851562
575.830078125
604.090087891
591.381835938
593.671875
591.114013672
595.811767578
638.041015625
564.623046875
625.950927734
606.083740234
632.586181641
542.455810547
591.536132812
563.407226562
603.325195312
614.392089844
660.901123047
799.416015625
637.866943359
624.004150391
614.989990234
605.088867188
632.104980469
641.450683594
602.530029297
624.123046875
622.003662109
671.294921875
613.780029297
622.5390625
621.415039062
641.758056641
552.537109375
610.489013672
628.194091797
664.067871094
613.572021484
618.361816406
842.485107422
799.354980469
877.605957031
471.178955078
424.020751953
442.748046875
486.098876953
419.031005859
450.611083984
451.313964844
442.565917969
453.458251953
579.977050781
987.230957031
447.383789062
446.690917969
453.311035156
419.179931641
452.937255859
428.46484375
566.560058594
463.260253906
460.028808594
453.073242188
450.520019531
461.891113281
443.644775391
447.286132812
444.139892578
456.570068359
446.221923828
446.768066406
427.613037109
445.732910156
456.771728516
455.181152344
421.294921875
453.406005859
431.088134766
443.26171875
450.380859375
456.455078125
456.017822266
455.739990234
447.188964844
445.542236328
403.501953125
483.770019531
447.701171875
457.324951172
419.982177734
449.646972656
458.206054688
453.971923828
458.967041016
445.560058594
454.946044922
447.453125
462.047119141
448.942871094
451.649902344
402.074707031
443.535888672
452.728027344
420.136962891
445.752197266
421.533691406
458.303955078
445.092041016
446.885742188
446.936279297
444.109863281
443.337158203
430.147949219
455.020019531
455.58203125
436.08203125
425.815185547
452.627197266
458.984863281
454.705078125
450.774902344
443.537841797
451.030761719
422.860107422
445.772949219
447.377197266
422.316894531
454.248046875
456.267089844
455.469238281
455.932373047
447.915039062
451.46484375
451.287841797
449.937011719
451.987060547
447.191162109
433.533935547
458.0859375
452.893066406
458.190917969
455.458007812
446.750732422
441.706054688
448.294921875
442.357177734
450.814941406
447.914794922
445.534912109
447.4921875
455.524902344
443.768798828
457.802978516
441.502197266
428.499755859
452.327148438
442.874023438
447.109130859
445.362060547
445.812988281
436.916015625
453.127197266
454.696044922
457.13671875
448.900878906
462.029052734
444.637207031
430.12109375
448.543945312
443.181884766
446.521972656
447.804931641
457.029785156
444.380859375
464.558837891
421.562744141
444.984863281
442.948974609
450.361083984
448.863037109
451.977050781
448.62890625
458.099853516
455.122070312
419.552978516
443.773193359
422.324951172
442.249023438
458.40234375
422.659912109
447.768066406
449.548095703
459.528808594
463.191894531
447.951904297
456.268066406
457.324951172
454.922851562
453.427978516
447.937744141
451.459960938
454.533691406
447.243896484
449.180175781
456.468017578
446.394042969
454.40234375
448.884033203
444.630859375
452.993896484
419.932128906
421.874267578
444.942871094
442.798339844
445.736816406
447.287109375
442.913818359
445.644775391
453.699707031
449.698974609
421.423828125
456.802734375
458.7109375
451.802246094
444.295898438
447.91796875
446.384277344
454.514892578
444.985351562
453.807861328
419.743896484
444.372802734
458.144042969
421.541015625
455.453125
454.2890625
419.018798828
454.523193359
450.974121094
454.618164062
463.956054688
459.79296875
452.33203125
458.405029297
451.066894531
446.054931641
454.105712891
462.427001953
452.703857422
422.701171875
453.937011719
463.651123047
453.880126953
454.58203125
444.130859375
429.954833984
455.804199219
447.066162109
458.743896484
455.436767578
429.730224609
463.320800781
456.656005859
455.053955078
452.065917969
479.024902344
442.328857422
442.714111328
446.25
446.625976562
447.424316406
451.438964844
453.330810547
455.029052734
431.200927734
450.365966797
454.831054688
464.691162109
455.975097656
419.569091797
420.757080078
446.568115234
453.375
444.804931641
458.188964844
452.304199219
453.001953125
445.313964844
419.755859375
453.963867188
456.077880859
460.612060547
427.809082031
452.637207031
460.966796875
459.478027344
444.627929688
447.015869141
442.272949219
444.970947266
454.698974609
442.054931641
453.852783203
446.326904297
421.468017578
444.531005859
450.735839844
447.446289062
418.244140625
420.396240234
446.956054688
445.845947266
454.282958984
445.599121094
451.992919922
501.830078125
449.00390625
454.205078125
452.252929688
445.776123047
454.056884766
444.072998047
453.817138672
449.694335938
452.792236328
454.933105469
420.794189453
421.941894531
454.336914062
418.920898438
454.693847656
446.342041016
455.221923828
464.952880859
443.268798828
460.943847656
442.957275391
447.878173828
453.221923828
451.896972656
462.187011719
456.342773438
448.594970703
454.419189453
453.766113281
447.583984375
450.473876953
449.476074219
422.800048828
451.186035156
451.993896484
419.309082031
418.333251953
426.725830078
459.266845703
446.501953125
453.119873047
452.885009766
447.921875
447.453125
423.589111328
445.173828125
452.018798828
450.795166016
421.260009766
449.205810547
455.380859375
444.451904297
448.573974609
447.407958984
451.401123047
448.942871094
421.432128906
443.541015625
417.500976562
454.855957031
446.155029297
447.180175781
450.252197266
453.854980469
447.499023438
418.206054688
455.217041016
416.706054688
443.030761719
446.04296875
453.432617188
417.550048828
456.956054688
445.24609375
438.874023438
449.781005859
447.468994141
448.374023438
445.297851562
450.465087891
421.065917969
457.273925781
432.772705078
459.346923828
442.857910156
452.731201172
418.800048828
449.387939453
423.971191406
446.024169922
456.907226562
445.340087891
446.961914062
451.868896484
451.677001953
445.809082031
428.524169922
452.542236328
419.703857422
449.990966797
422.505126953
445.393066406
446.25
445.586914062
444.688964844
446.936279297
451.634033203
450.304931641
453.083984375
427.760009766
449.111083984
445.976074219
422.605957031
451.878173828
446.826904297
444.974121094
454.030029297
425.533935547
451.075195312
448.378662109
455.405029297
460.294921875
419.239013672
444.227050781
443.641845703
452.934082031
445.246826172
452.697998047
446.849853516
432.348876953
443.526123047
449.033935547
443.945800781
459.116943359
454.894042969
447.354248047
449.903076172
455.882080078
459.201904297
448.606933594
449.397216797
438.1640625
446.099121094
449.680908203
455.237060547
457.680175781
451.962158203
453.080810547
456.881835938
462.622070312
458.294921875
445.274169922
447.924804688
447.519042969
453.541015625
444.24609375
458.111083984
452.404052734
450.718994141
455.021972656
442.385986328
462.161132812
462.275878906
461.161865234
425.673095703
450.889160156
455.983886719
424.635742188
446.366943359
457.221191406
453.440185547
456.541992188
458.401855469
445.146240234
452.25
422.099121094
450.978027344
415.168212891
461.272949219
462.211914062
460.186767578
441.589111328
456.958984375
445.621826172
420.540039062
448.060058594
447.010986328
462.459716797
449.340087891
418.90234375
448.207763672
455.319091797
442.340332031
533.629882812
420.998779297
455.559082031
456.039794922
453.606933594
447.739990234
447.051025391
448.364990234
443.748046875
449.419189453
420.187011719
448.572265625
450.237060547
447.026123047
450.521972656
457.852050781
453.666992188
428.00390625
447.532714844
445.291992188
455.179199219
456.464111328
449.99609375
453.274169922
457.915039062
420.908935547
442.927001953
447.385986328
410.821777344
457.941894531
452.271972656
457.326171875
456.947021484
449.150146484
454.239257812
450.818847656
441.851806641
446.119140625
450.752929688
445.187255859
455.278808594
416.494140625
460.541015625
453.103027344
443.150146484
449.040771484
448.571044922
455.948730469
453.174072266
447.865966797
460.898193359
444.177001953
452.872070312
448.078125
421.663085938
448.16796875
446.385253906
447.473876953
452.993652344
452.260009766
463.887207031
443.111083984
454.738037109
454.419921875
431.401855469
452.540771484
455.065185547
448.284912109
462.562744141
451.300292969
459.98828125
455.791015625
419.550292969
459.879882812
449.900146484
448.401123047
453.615722656
428.741943359
422.984863281
445.0390625
444.181152344
449.406982422
444.772949219
460.891113281
456.45703125
462.723876953
458.986083984
452.090087891
455.442871094
441.643066406
459.734130859
455.135742188
446.144042969
465.056884766
424.396972656
453.004150391
445.196777344
445.856933594
453.147216797
443.101806641
441.556884766
454.744140625
456.985107422
419.400878906
453.540039062
443.403808594
432.813964844
455.382080078
450.396972656
454.036865234
445.848876953
444.765869141
443.345947266
422.649169922
453.483886719
457.165771484
453.920166016
432.791992188
440.380615234
445.216064453
419.995849609
440.233886719
446.539794922
418.835205078
459.562988281
447.001708984
460.804931641
420.25
455.281005859
454.296142578
443.037841797
455.749023438
446.363037109
456.830078125
452.321289062
457.983154297
454.683105469
425.551025391
443.353271484
454.919921875
446.887939453
428.341064453
449.213134766
425.983886719
460.872802734
441.639892578
444.928955078
444.581054688
448.525878906
444.257080078
454.521728516
455.058837891
449.951904297
450.859863281
451.923828125
460.149902344
457.662109375
452.046875
455.857910156
457.256835938
419.354003906
422.731933594
417.903076172
423.113037109
451.95703125
448.812011719
454.522949219
450.390136719
455.314941406
444.520019531
446.337890625
448.948242188
454.399902344
456.5390625
460.468994141
421.791992188
418.4609375
455.339111328
469.865234375
458.577880859
442.761230469
419.517089844
447.686035156
419.342041016
450.044189453
449.442871094
431.090332031
449.506103516
454.064941406
454.740966797
447.062988281
453.360107422
445.333007812
452.636962891
459.200195312
419.291015625
445.270263672
455.524902344
452.431884766
456.086181641
449.436767578
420.004150391
417.615966797
421.112060547
443.383056641
421.697998047
427.895996094
454.625
447.809082031
449.296875
451.566894531
441.215087891
456.596191406
463.194335938
452.398193359
455.327880859
419.875976562
447.0
454.480957031
444.845947266
424.620849609
454.661132812
442.53515625
458.993408203
456.798095703
456.566894531
420.864013672
445.617919922
451.961914062
449.694824219
446.242919922
443.726806641
452.037597656
442.437988281
446.211181641
466.297119141
423.570068359
420.724853516
451.405029297
448.179931641
461.888916016
419.918945312
450.074707031
453.423095703
441.791015625
448.892822266
439.984130859
443.566162109
451.418945312
452.985107422
459.415771484
418.73828125
438.943847656
451.149902344
421.076904297
444.606933594
459.355957031
430.049072266
441.958984375
460.389160156
417.245849609
446.804931641
447.525146484
446.133056641
446.602050781
452.478759766
443.195068359
420.916015625
456.187988281
420.056884766
421.146972656
452.4140625
419.221679688
441.644042969
423.805908203
441.424072266
419.701171875
456.340087891
450.7109375
455.450927734
451.931884766
455.575927734
451.630126953
446.987060547
457.405029297
448.213134766
449.020996094
421.142089844
452.138183594
418.491699219
447.244140625
459.174316406
445.385986328
455.989257812
420.354248047
451.650146484
451.658935547
446.666748047
455.037841797
455.008056641
456.541992188
455.008789062
419.75390625
448.166748047
451.427001953
460.257080078
444.806152344
445.425048828
453.325195312
456.767089844
455.489013672
420.016845703
465.672119141
454.333007812
465.359130859
685.408935547
452.355957031
445.263916016
419.721923828
455.516113281
452.287841797
467.949951172
422.942871094
447.058105469
454.019042969
456.212890625
446.518798828
422.271240234
418.985839844
454.975830078
417.514892578
457.946044922
450.638916016
448.527832031
428.846923828
453.750732422
455.154052734
446.134277344
460.484130859
446.491943359
422.781005859
458.122802734
420.1640625
454.7109375
418.312988281
445.937011719
444.360107422
426.17578125
454.505126953
446.631835938
442.218994141
460.605957031
444.647216797
449.313964844
460.547851562
454.261962891
442.520996094
424.994140625
452.808349609
454.903320312
447.795898438
453.102050781
446.052978516
445.962890625
445.850097656
449.554931641
448.337158203
451.342773438
450.851806641
463.261962891
420.261230469
420.709960938
455.761962891
420.481933594
460.606933594
463.653076172
455.734130859
450.351074219
454.827880859
424.187011719
418.58203125
457.0
464.29296875
453.855957031
457.394775391
447.282958984
442.856201172
453.896972656
422.541015625
461.460205078
444.059814453
445.563964844
448.013916016
445.308105469
433.749023438
453.661865234
454.231933594
456.062988281
399.378662109
465.744873047
446.926025391
447.735107422
456.045166016
445.166015625
458.341064453
455.16015625
456.511962891
420.839111328
450.259033203
419.53515625
446.823974609
448.938232422
455.477050781
448.743164062
427.064941406
447.605957031
457.422119141
462.423095703
430.821777344
425.283935547
453.979980469
455.349121094
462.845947266
422.091064453
460.432128906
454.932128906
448.125
449.022949219
448.656005859
453.544921875
426.700927734
454.578125
461.197998047
454.703857422
423.682861328
421.383789062
461.594970703
460.363037109
446.139160156
453.781005859
454.990966797
453.242919922
448.270996094
445.419189453
444.116943359
458.083251953
460.489013672
446.986083984
459.469970703
525.321044922
470.686035156
462.089111328
457.554199219
453.109130859
451.87109375
449.905273438
451.834228516
460.322998047
422.311035156
448.659912109
452.638916016
421.884033203
454.660888672
458.510986328
447.036132812
419.195068359
455.721923828
448.717041016
459.498046875
