594.555908203
110.979980469
36.8361816406
49.8549804688
77.0361328125
58.1428222656
70.6611328125
31.3330078125
55.8129882812
59.0598144531
37.9890136719
40.4040527344
27.3107910156
57.6669921875
55.8039550781
44.330078125
39.8671875
27.5600585938
77.9760742188
91.9470214844
43.4538574219
33.580078125
84.1669921875
55.4846191406
68.4848632812
40.859375
39.2932128906
61.8349609375
39.3952636719
28.7800292969
43.998046875
92.7019042969
41.4519042969
37.6298828125
29.5910644531
49.2211914062
54.3349609375
47.8181152344
33.4829101562
31.5180664062
126.913085938
56.6608886719
32.0219726562
44.9279785156
53.2719726562
47.0927734375
29.9831542969
72.5270996094
56.6958007812
51.9389648438
32.2707519531
78.4921875
42.6630859375
55.0678710938
37.4201660156
61.0949707031
46.2687988281
40.9650878906
30.9599609375
30.4318847656
57.9230957031
65.6318359375
47.291015625
32.58984375
70.7358398438
43.3720703125
52.0051269531
36.5969238281
87.5988769531
45.6628417969
42.2490234375
30.8361816406
88.6311035156
45.9460449219
33.9670410156
61.6291503906
65.580078125
53.8818359375
33.1040039062
73.5747070312
42.5419921875
45.4577636719
39.0456542969
40.1159667969
72.2658691406
41.88671875
31.3098144531
37.0681152344
87.5529785156
54.6328125
30.2941894531
57.0349121094
63.19921875
49.0080566406
39.1860351562
39.4130859375
78.8642578125
53.5817871094
40.8679199219
29.7631835938
100.023925781
48.75
30.1130371094
32.2097167969
63.3479003906
42.2648925781
37.8811035156
39.2041015625
53.7800292969
47.9169921875
32.4018554688
32.7238769531
93.8210449219
44.4880371094
33.3479003906
30.046875
82.1860351562
46.6721191406
46.9880371094
48.2810058594
52.57421875
74.8720703125
42.3068847656
32.6008300781
30.287109375
60.3627929688
56.6970214844
51.6538085938
29.9973144531
55.7399902344
81.1879882812
55.376953125
33.0900878906
38.2590332031
51.57421875
40.375
52.0078125
30.412109375
62.2280273438
56.7958984375
44.1262207031
33.4399414062
53.1721191406
66.1062011719
57.6362304688
31.2990722656
33.8161621094
79.4658203125
41.2109375
48.2978515625
32.9279785156
55.0009765625
66.5529785156
46.6960449219
31.4482421875
77.5229492188
52.5910644531
45.7199707031
30.8269042969
104.802246094
67.8981933594
35.4912109375
57.5969238281
46.7080078125
46.4252929688
42.6008300781
52.3859863281
56.1979980469
53.9172363281
40.5920410156
36.6987304688
36.5170898438
77.2690429688
53.1967773438
33.8129882812
72.2072753906
52.4611816406
52.9851074219
37.6557617188
98.6528320312
52.0681152344
41.4020996094
30.5891113281
108.273193359
55.0209960938
32.787109375
76.2102050781
45.7309570312
42.12109375
32.8920898438
64.7231445312
47.6228027344
46.1669921875
32.8532714844
43.5639648438
76.5512695312
51.0881347656
28.83203125
37.9709472656
58.341796875
55.6696777344
34.88671875
33.2939453125
87.5759277344
49.9182128906
31.0009765625
72.0861816406
47.6127929688
41.875
28.4482421875
77.5061035156
60.0478515625
30.4211425781
29.3969726562
77.4787597656
49.798828125
30.3442382812
89.9880371094
79.2180175781
46.6118164062
62.2268066406
32.5849609375
58.3361816406
50.8330078125
41.0490722656
30.8381347656
37.6301269531
54.8918457031
44.9841308594
37.0947265625
53.6730957031
43.7390136719
45.5900878906
35.125
55.623046875
65.4240722656
49.6591796875
43.0129394531
74.2570800781
75.1069335938
53.4489746094
51.3173828125
48.3500976562
75.8159179688
54.9299316406
54.794921875
43.0178222656
79.427734375
84.3591308594
65.0
46.3571777344
38.5219726562
94.8049316406
54.5966796875
34.5910644531
118.857910156
46.4799804688
54.1350097656
38.7351074219
87.4208984375
76.203125
53.6020507812
51.580078125
66.5559082031
74.3059082031
53.5029296875
41.1943359375
52.1140136719
51.49609375
46.7861328125
55.5209960938
36.4228515625
120.166992188
51.9719238281
59.7299804688
41.1960449219
90.2431640625
52.0229492188
58.91796875
39.7099609375
96.8999023438
44.0080566406
58.1389160156
35.1481933594
99.6647949219
59.9177246094
49.87109375
32.4489746094
37.9787597656
92.9770507812
69.5209960938
56.3959960938
35.5810546875
31.1508789062
63.8142089844
40.1130371094
45.619140625
46.8981933594
34.8649902344
79.912109375
48.0749511719
34.6579589844
39.6491699219
85.34375
60.0859375
32.5578613281
38.1958007812
73.6042480469
56.6560058594
55.0959472656
37.2277832031
101.738037109
51.4108886719
30.708984375
39.8947753906
99.7150878906
47.5522460938
30.8251953125
46.5197753906
67.6940917969
56.2338867188
40.4050292969
89.5861816406
52.3959960938
31.6320800781
75.3310546875
61.1030273438
41.6499023438
31.4968261719
71.2067871094
50.9311523438
51.6066894531
92.4650878906
52.2409667969
45.6398925781
38.3000488281
90.5051269531
44.3151855469
50.9099121094
31.5561523438
89.6120605469
65.8359375
46.1701660156
47.8068847656
65.2690429688
55.3972167969
38.4431152344
44.3388671875
59.16796875
54.1853027344
50.1870117188
42.4028320312
74.7958984375
49.4260253906
54.1311035156
98.33203125
50.3640136719
32.8942871094
86.2980957031
49.9421386719
53.0720214844
32.9279785156
79.9260253906
64.7319335938
45.9599609375
32.8203125
66.2177734375
48.1279296875
48.0939941406
32.0290527344
41.3330078125
44.6689453125
29.248046875
28.0600585938
57.6188964844
41.7861328125
39.6418457031
31.8059082031
30.9267578125
67.4130859375
44.8291015625
46.6550292969
36.3828125
67.294921875
49.1550292969
40.7978515625
28.998046875
78.205078125
53.6579589844
42.4689941406
32.3869628906
28.9899902344
83.4709472656
48.1188964844
48.0339355469
37.0979003906
65.6701660156
42.8959960938
43.3139648438
32.5178222656
29.546875
63.1970214844
42.404296875
31.6960449219
106.606201172
50.5629882812
62.3039550781
240.910644531
33.671875
75.8891601562
53.0148925781
43.1049804688
30.5012207031
78.3837890625
54.7377929688
47.0458984375
29.7509765625
30.8471679688
92.6701660156
60.7629394531
34.7238769531
34.2937011719
82.3229980469
43.4519042969
35.4670410156
79.8549804688
54.9838867188
46.2880859375
32.9208984375
70.0107421875
53.1928710938
49.8759765625
32.3889160156
61.9157714844
63.2150878906
60.2111816406
38.5871582031
39.3139648438
51.1169433594
51.9768066406
53.7841796875
34.3491210938
61.7438964844
51.5471191406
46.6911621094
33.7790527344
68.4140625
71.8959960938
49.2770996094
41.4270019531
40.5600585938
67.3872070312
61.5197753906
39.8068847656
74.7280273438
55.8850097656
46.4411621094
35.8232421875
111.342773438
53.8627929688
31.1652832031
54.6149902344
56.9929199219
53.6989746094
32.7761230469
97.4538574219
42.4880371094
48.1928710938
30.55078125
51.8400878906
44.0397949219
27.208984375
35.3720703125
72.3837890625
60.5139160156
48.2890625
30.7331542969
69.1469726562
41.8046875
38.8908691406
34.0849609375
80.3200683594
40.96484375
46.9331054688
28.5571289062
48.5817871094
62.1120605469
40.8190917969
34.2209472656
89.1608886719
55.3552246094
40.4621582031
94.1169433594
46.4838867188
47.298828125
41.5500488281
99.291015625
43.8430175781
34.8811035156
63.0771484375
72.0119628906
54.1899414062
34.16796875
92.2512207031
44.4548339844
40.0969238281
67.9548339844
58.3642578125
46.6481933594
31.9431152344
35.8520507812
110.536132812
135.517089844
45.1010742188
30.6430664062
58.9069824219
76.9030761719
42.0832519531
57.0478515625
111.047851562
53.8181152344
42.1447753906
324.626953125
41.0258789062
35.62890625
46.4260253906
114.273681641
62.3911132812
64.4609375
92.8959960938
61.4440917969
53.9567871094
39.6638183594
56.5432128906
63.3959960938
49.1328125
48.1801757812
41.9582519531
49.8908691406
68.9521484375
32.8979492188
56.7241210938
38.0229492188
63.2683105469
34.6071777344
96.9709472656
55.2409667969
33.7202148438
57.3940429688
55.169921875
33.2028808594
35.8540039062
102.372802734
68.0031738281
57.3801269531
39.0261230469
73.5651855469
60.2756347656
40.8110351562
33.3752441406
42.7268066406
114.526855469
39.291015625
48.5981445312
45.7609863281
95.4311523438
61.8200683594
39.8552246094
64.1870117188
42.3918457031
89.6520996094
68.4541015625
52.8288574219
49.3039550781
38.3659667969
45.2060546875
31.1879882812
31.5119628906
44.8669433594
41.2009277344
60.5590820312
31.8911132812
62.240234375
56.1110839844
48.2631835938
32.259765625
43.1499023438
44.2568359375
45.9877929688
48.0070800781
29.9270019531
83.5349121094
51.8220214844
37.1201171875
72.3349609375
41.6550292969
51.5581054688
34.5690917969
66.9379882812
58.7478027344
47.6328125
31.7768554688
39.2707519531
78.4321289062
50.6142578125
42.6870117188
34.7199707031
99.9379882812
52.9509277344
42.6520996094
58.7141113281
70.7749023438
47.2309570312
30.45703125
83.5659179688
67.8283691406
47.9050292969
33.5988769531
92.3459472656
58.3559570312
44.1828613281
43.3259277344
75.6362304688
45.2739257812
32.623046875
80.8872070312
65.9619140625
44.0590820312
35.4528808594
83.1369628906
52.5310058594
49.8051757812
33.994140625
41.8469238281
65.8701171875
53.5417480469
41.3840332031
73.4992675781
58.6459960938
42.3818359375
32.4748535156
52.58203125
53.3781738281
48.6372070312
34.25
72.94921875
51.830078125
40.7053222656
35.248046875
66.0090332031
49.5710449219
32.2160644531
32.9519042969
87.4609375
51.0859375
30.8713378906
31.5561523438
78.7282714844
53.8291015625
31.8972167969
83.123046875
51.5390625
46.1411132812
30.9907226562
107.477050781
43.1179199219
30.1420898438
30.1062011719
81.9370117188
40.376953125
54.9440917969
32.0307617188
84.2568359375
58.3330078125
44.1420898438
30.7951660156
64.8850097656
42.2990722656
43.0029296875
32.0659179688
69.6457519531
58.0439453125
47.0417480469
33.4270019531
75.4841308594
50.9033203125
46.591796875
40.0129394531
35.6860351562
90.7961425781
47.1479492188
36.1157226562
36.419921875
135.987060547
44.8989257812
53.0029296875
58.7919921875
49.4978027344
43.8110351562
79.8161621094
53.0261230469
47.3569335938
35.9079589844
41.8388671875
60.7687988281
49.2429199219
33.3459472656
33.6088867188
71.7141113281
57.2849121094
35.3041992188
37.498046875
63.2348632812
44.1789550781
34.1899414062
34.5539550781
94.5119628906
62.4548339844
33.7380371094
41.1591796875
51.8327636719
53.0620117188
32.4829101562
57.1179199219
45.6711425781
53.9719238281
44.201171875
29.9519042969
87.3889160156
45.7958984375
30.8752441406
34.0998535156
69.2521972656
49.2651367188
34.3330078125
55.5319824219
72.0791015625
44.7260742188
34.1909179688
76.1101074219
52.4560546875
39.1271972656
82.6560058594
53.4079589844
42.5642089844
28.9982910156
27.9140625
70.3269042969
60.3298339844
46.671875
28.197265625
70.205078125
51.1000976562
41.7001953125
35.4970703125
34.7268066406
91.4899902344
47.2448730469
40.2573242188
29.490234375
63.1198730469
47.509765625
44.6999511719
33.9418945312
32.6279296875
82.8120117188
51.212890625
38.8291015625
42.90625
61.1779785156
55.7209472656
34.0729980469
75.9670410156
50.9509277344
53.3291015625
34.2060546875
53.1918945312
67.0441894531
49.8562011719
42.4230957031
46.4321289062
64.1127929688
48.703125
33.1708984375
100.5859375
47.1320800781
33.6989746094
34.5329589844
78.5759277344
52.0490722656
42.0109863281
36.0419921875
79.6110839844
48.5666503906
42.8911132812
31.2231445312
64.8159179688
49.2631835938
53.9880371094
32.623046875
42.8000488281
52.4228515625
59.3449707031
34.4738769531
87.9631347656
49.0698242188
48.6958007812
32.8310546875
69.615234375
54.5329589844
50.5649414062
33.5241699219
38.220703125
48.328125
47.2709960938
49.4670410156
44.8930664062
70.9050292969
46.7158203125
53.0090332031
33.1630859375
73.4191894531
51.1259765625
48.6870117188
29.5888671875
34.0791015625
74.4509277344
56.2570800781
31.4851074219
32.4350585938
64.8889160156
49.3959960938
43.203125
29.7609863281
56.49609375
55.7421875
43.3190917969
30.9418945312
35.0278320312
69.8459472656
53.5390625
35.9428710938
33.1818847656
50.4001464844
36.79296875
43.6689453125
31.0798339844
73.5202636719
48.3291015625
31.2927246094
38.7580566406
66.6120605469
47.1457519531
48.9509277344
31.7211914062
71.6108398438
56.8869628906
45.0329589844
30.7080078125
38.8068847656
85.5729980469
48.66796875
34.6218261719
44.3178710938
59.5649414062
53.8159179688
35.7448730469
68.498046875
43.1118164062
49.0158691406
31.197265625
40.8671875
78.3701171875
45.7548828125
35.3930664062
33.7880859375
65.6970214844
79.9340820312
46.7270507812
34.2119140625
72.6320800781
46.0122070312
57.416015625
35.6850585938
75.4008789062
47.6730957031
45.7387695312
34.1672363281
35.7438964844
86.623046875
45.4248046875
33.8889160156
33.7941894531
95.5358886719
58.0612792969
35.8151855469
36.9870605469
76.9970703125
42.3520507812
32.876953125
41.1708984375
69.8562011719
54.287109375
41.955078125
31.7858886719
75.3959960938
49.3830566406
47.8500976562
33.0200195312
48.2080078125
57.5407714844
43.3149414062
32.8200683594
41.4169921875
82.7080078125
47.4619140625
32.3820800781
34.5092773438
76.4711914062
45.3347167969
29.2141113281
30.1311035156
90.7451171875
51.2563476562
34.5659179688
53.9311523438
65.7141113281
40.6340332031
30.1450195312
100.853271484
39.4731445312
31.9208984375
32.337890625
80.08203125
53.9650878906
34.41796875
62.9050292969
52.3000488281
56.7429199219
29.6909179688
40.2661132812
72.1440429688
47.8940429688
39.5310058594
30.0588378906
70.7331542969
50.9309082031
49.3249511719
31.4809570312
36.5930175781
75.3059082031
46.3620605469
39.7800292969
70.6848144531
62.7319335938
49.3950195312
32.2700195312
49.0842285156
55.7648925781
50.9919433594
52.8369140625
32.833984375
82.1928710938
59.5310058594
34.5397949219
36.4020996094
69.9860839844
49.875
46.0009765625
31.1369628906
95.0998535156
45.7219238281
35.7341308594
64.0490722656
58.5419921875
61.5639648438
38.6887207031
86.2790527344
45.0102539062
34.1533203125
46.5690917969
66.5617675781
42.6340332031
32.5200195312
78.3737792969
59.4458007812
52.8068847656
38.4841308594
70.9377441406
55.8010253906
56.7131347656
32.3481445312
55.8979492188
62.5568847656
56.4050292969
32.6860351562
32.0212402344
105.906005859
48.6401367188
30.4929199219
