667.332763672
150.293945312
89.4812011719
94.6921386719
80.3071289062
122.749023438
39.0529785156
93.9702148438
47.2001953125
25.5390625
32.5959472656
59.96484375
47.4702148438
77.119140625
64.4660644531
112.555908203
28.1960449219
45.4458007812
49.9453125
27.1889648438
47.0190429688
39.6640625
43.5561523438
29.0871582031
41.1247558594
48.0671386719
43.3798828125
26.037109375
54.6809082031
46.1267089844
36.5610351562
25.3542480469
46.8039550781
50.7770996094
28.125
39.8801269531
48.3200683594
27.4470214844
38.4819335938
51.1320800781
48.0229492188
30.7419433594
43.99609375
38.9040527344
43.3203125
29.3217773438
51.3989257812
49.7761230469
29.5490722656
35.2712402344
42.0920410156
46.0251464844
27.6159667969
78.9040527344
51.4150390625
25.3388671875
75.6857910156
54.5461425781
38.2121582031
54.0830078125
49.4702148438
38.455078125
28.1127929688
69.7067871094
47.7258300781
37.041015625
38.4846191406
66.404296875
44.4519042969
31.1079101562
51.1921386719
43.5249023438
28.7741699219
49.12890625
57.8940429688
34.1809082031
29.6782226562
76.2739257812
47.3439941406
29.0966796875
49.0219726562
43.7199707031
33.5368652344
27.1831054688
59.7189941406
45.2609863281
28.8879394531
28.1398925781
62.9880371094
43.451171875
28.4992675781
78.9611816406
44.6560058594
27.1882324219
48.9440917969
63.3271484375
35.3139648438
26.8586425781
79.5358886719
48.0119628906
26.6318359375
55.3596191406
42.3120117188
25.4970703125
64.0510253906
48.9438476562
27.5061035156
57.5678710938
39.8020019531
46.0300292969
28.3220214844
70.3698730469
50.1589355469
25.3198242188
47.166015625
54.6811523438
43.9819335938
27.3381347656
45.0207519531
49.4299316406
35.3552246094
30.9592285156
55.1213378906
39.6708984375
26.998046875
67.3278808594
49.4282226562
33.6579589844
29.2143554688
57.5932617188
47.8120117188
38.5681152344
25.5920410156
52.4750976562
59.9020996094
37.0258789062
32.1091308594
58.4379882812
45.4489746094
26.3732910156
61.3142089844
52.3186035156
28.2551269531
58.3388671875
48.2038574219
26.3640136719
51.8210449219
48.4360351562
42.6042480469
26.7390136719
64.7678222656
45.8210449219
30.5119628906
60.3928222656
46.0339355469
43.1162109375
28.5222167969
67.84375
50.1560058594
27.8579101562
68.8510742188
49.5810546875
25.1108398438
33.8210449219
47.2421875
42.0859375
28.9509277344
54.0310058594
56.9038085938
28.876953125
87.0510253906
43.1049804688
28.8168945312
60.5727539062
43.1730957031
30.0671386719
55.0219726562
58.7238769531
30.0939941406
29.3657226562
63.5290527344
52.5300292969
28.32421875
36.0520019531
65.4328613281
28.3588867188
72.3071289062
55.4072265625
37.0688476562
34.9899902344
62.0908203125
29.1767578125
38.9650878906
57.3020019531
37.5810546875
27.59375
49.6127929688
51.1298828125
27.2819824219
43.1010742188
54.412109375
27.88671875
38.9521484375
46.876953125
43.3979492188
38.9489746094
59.0893554688
28.4860839844
40.4597167969
44.1240234375
40.0368652344
27.6149902344
78.5922851562
43.240234375
27.96484375
44.4001464844
49.7170410156
27.9140625
28.5070800781
65.4709472656
46.705078125
28.7006835938
56.912109375
61.5102539062
27.6008300781
47.5939941406
47.9899902344
46.4619140625
26.7692871094
60.8029785156
45.8588867188
27.8679199219
58.8520507812
43.2780761719
40.7219238281
27.9089355469
61.583984375
49.453125
26.2731933594
70.8791503906
58.86328125
28.1879882812
37.6391601562
68.3039550781
29.1750488281
82.169921875
47.1169433594
27.1828613281
62.5659179688
50.9670410156
36.7221679688
27.955078125
63.7946777344
42.7548828125
31.2458496094
58.2229003906
48.6821289062
30.8129882812
53.6748046875
53.4538574219
32.5368652344
52.7907714844
51.6040039062
34.4719238281
56.4528808594
49.1201171875
30.0668945312
39.6682128906
56.8190917969
30.7468261719
42.1630859375
46.9309082031
36.8410644531
28.33203125
56.2709960938
42.7639160156
40.2092285156
27.83203125
76.2868652344
42.4711914062
29.2641601562
40.294921875
46.2741699219
42.5859375
26.5510253906
59.7529296875
57.0991210938
25.255859375
49.91015625
46.7521972656
41.6701660156
25.7219238281
47.0612792969
59.5388183594
27.5439453125
48.412109375
40.3188476562
37.9479980469
25.5087890625
50.2609863281
49.7778320312
29.3759765625
37.7060546875
55.0688476562
26.6411132812
41.8269042969
55.0942382812
37.546875
30.0219726562
42.6579589844
45.7700195312
26.5319824219
79.2412109375
44.0668945312
28.8908691406
40.4028320312
60.7478027344
30.2451171875
32.9001464844
55.5419921875
39.6572265625
27.62890625
70.8420410156
54.3010253906
26.9479980469
44.1479492188
59.6579589844
37.0471191406
26.8518066406
52.8161621094
53.3249511719
26.6188964844
77.1140136719
50.5439453125
31.0300292969
79.0546875
43.505859375
31.1491699219
71.162109375
51.4008789062
27.4929199219
60.5639648438
54.1188964844
37.1379394531
29.4057617188
66.4162597656
45.5349121094
32.7592773438
65.2470703125
45.3791503906
28.4301757812
74.9060058594
55.8918457031
30.6857910156
38.4189453125
61.1518554688
36.6662597656
27.962890625
38.6538085938
46.4880371094
27.9848632812
54.5720214844
45.9548339844
45.1401367188
28.3898925781
63.9521484375
48.5131835938
28.0610351562
78.8269042969
51.3193359375
26.6530761719
44.1499023438
53.212890625
30.0227050781
32.9677734375
61.0300292969
34.0910644531
25.3110351562
52.537109375
49.0791015625
27.1101074219
48.1711425781
41.8391113281
43.5122070312
26.3469238281
43.0559082031
47.7797851562
26.4431152344
50.7241210938
39.5541992188
44.2478027344
28.1889648438
52.6550292969
45.8330078125
27.9099121094
39.0751953125
54.0971679688
36.1499023438
29.9008789062
70.4909667969
48.0969238281
27.3540039062
47.0158691406
51.6989746094
38.9948730469
51.5461425781
39.6589355469
48.1599121094
26.6721191406
71.7451171875
48.9528808594
26.1071777344
55.3110351562
47.3740234375
49.9907226562
28.3430175781
61.2390136719
52.6071777344
26.5051269531
70.12109375
60.2509765625
29.3537597656
69.8850097656
51.4321289062
39.8999023438
31.8579101562
66.9602050781
54.0532226562
28.7099609375
49.1179199219
52.3659667969
48.9711914062
30.1291503906
79.3942871094
43.625
28.8481445312
51.8149414062
43.41015625
29.7661132812
43.9267578125
53.83203125
26.8928222656
55.9499511719
47.7312011719
43.580078125
32.0803222656
64.7290039062
54.0290527344
41.5498046875
28.2302246094
81.3981933594
53.1560058594
27.4780273438
43.8620605469
53.7209472656
28.9111328125
53.4611816406
47.9709472656
39.7509765625
25.5981445312
56.7778320312
49.8801269531
28.5520019531
54.5959472656
44.0217285156
41.9011230469
27.5620117188
54.7897949219
51.6770019531
29.041015625
65.3061523438
47.6301269531
28.7238769531
47.8791503906
48.9821777344
29.3979492188
43.9743652344
51.3830566406
43.8959960938
30.9501953125
38.869140625
60.9079589844
26.1989746094
46.7377929688
51.9357910156
47.8469238281
29.0961914062
71.3110351562
49.4880371094
27.8107910156
47.0571289062
49.87109375
52.5871582031
27.1379394531
60.3581542969
58.0849609375
35.5981445312
62.9328613281
44.6711425781
29.4130859375
44.7958984375
58.3159179688
25.5329589844
32.1909179688
40.4831542969
47.0991210938
27.8857421875
59.6850585938
40.8420410156
44.4509277344
26.4748535156
61.9780273438
43.873046875
28.455078125
50.4921875
53.4609375
47.2338867188
27.4440917969
74.7680664062
47.8762207031
27.8540039062
75.8022460938
46.8869628906
31.7373046875
74.5270996094
49.3869628906
30.6550292969
61.3349609375
56.2307128906
30.4001464844
72.0739746094
44.0317382812
29.5129394531
52.955078125
51.8430175781
28.9968261719
47.2209472656
52.8500976562
28.9619140625
60.8820800781
50.2531738281
36.1708984375
62.2888183594
48.7319335938
30.0668945312
68.0639648438
44.5808105469
42.0209960938
30.7060546875
57.873046875
53.9860839844
35.8190917969
26.2819824219
55.0029296875
48.8559570312
26.2907714844
60.9760742188
50.4970703125
35.3132324219
26.6352539062
60.5991210938
44.0981445312
27.5139160156
41.7680664062
49.6489257812
33.5180664062
26.9970703125
53.1430664062
44.4189453125
37.15625
38.1027832031
55.3061523438
35.6069335938
24.3410644531
50.9040527344
51.0568847656
34.4040527344
28.33203125
69.3876953125
44.537109375
27.9460449219
34.7629394531
60.4499511719
27.3588867188
34.0637207031
61.3139648438
27.9479980469
51.9890136719
47.9809570312
41.2810058594
28.4328613281
70.6081542969
53.0793457031
26.4780273438
66.6057128906
45.1970214844
37.6499023438
48.1669921875
53.91015625
48.6311035156
28.3850097656
60.5109863281
50.330078125
27.033203125
75.2661132812
59.4538574219
31.1459960938
52.7761230469
46.7897949219
31.5319824219
39.9738769531
57.2868652344
45.5817871094
28.9208984375
82.7421875
45.9270019531
29.6650390625
58.4521484375
52.1181640625
36.8732910156
28.3571777344
62.1682128906
43.7329101562
29.6020507812
47.541015625
50.8540039062
29.4860839844
33.4738769531
57.5881347656
36.5578613281
28.1408691406
64.9426269531
43.1477050781
31.4418945312
56.7092285156
50.6169433594
30.2412109375
58.7060546875
46.7961425781
36.6420898438
27.79296875
46.9328613281
50.9870605469
26.6411132812
60.1411132812
48.0859375
39.8120117188
27.4169921875
72.5021972656
52.8239746094
36.6447753906
41.2731933594
48.78515625
39.7299804688
24.49609375
60.8271484375
53.8330078125
33.2541503906
25.1430664062
48.1811523438
47.62890625
30.5007324219
53.2958984375
46.4191894531
27.7590332031
56.75
41.2719726562
39.8488769531
25.0551757812
57.7321777344
50.0349121094
28.2250976562
31.298828125
60.6281738281
49.5151367188
28.1701660156
55.5629882812
49.5681152344
35.6730957031
26.7961425781
47.3630371094
46.7431640625
28.6650390625
58.7019042969
47.8818359375
49.8129882812
27.9802246094
79.6171875
48.2629394531
28.7890625
52.5319824219
54.3090820312
30.2641601562
55.212890625
52.1359863281
41.8562011719
29.2138671875
81.03125
48.5869140625
28.9560546875
63.3850097656
45.9506835938
28.6960449219
62.3149414062
54.9509277344
36.1831054688
53.4279785156
49.3439941406
38.3369140625
28.0129394531
71.3657226562
46.9602050781
30.587890625
41.2229003906
58.6850585938
36.5949707031
33.4138183594
59.1520996094
39.1950683594
29.4228515625
63.8251953125
48.2290039062
29.9438476562
44.9631347656
55.4069824219
39.3361816406
29.1618652344
77.6633300781
49.3029785156
29.0549316406
32.1279296875
53.7231445312
45.6811523438
27.4970703125
55.0856933594
52.0988769531
27.1101074219
37.1799316406
55.0419921875
38.3061523438
26.2670898438
47.958984375
54.9919433594
34.7951660156
27.7490234375
52.4001464844
48.8779296875
28.9958496094
64.5981445312
47.6982421875
27.2368164062
34.8889160156
51.2780761719
35.9418945312
26.4868164062
66.875
44.2819824219
27.4951171875
58.9951171875
53.1479492188
28.5830078125
57.1240234375
45.5620117188
39.2399902344
29.4479980469
40.5187988281
59.1682128906
28.1870117188
40.7551269531
50.5561523438
45.5830078125
31.7016601562
51.6911621094
51.3037109375
27.283203125
66.2009277344
51.1958007812
35.333984375
30.3779296875
64.5129394531
48.6760253906
28.4191894531
78.5971679688
42.2878417969
28.1850585938
75.9968261719
54.037109375
28.5090332031
79.3989257812
54.4418945312
33.0581054688
63.7810058594
46.8979492188
29.7199707031
55.6298828125
51.9802246094
37.748046875
30.921875
77.0659179688
43.8000488281
26.8168945312
59.1059570312
48.8640136719
30.0327148438
60.0078125
51.5229492188
26.6589355469
75.8718261719
50.0708007812
35.7138671875
30.41015625
43.3439941406
48.7270507812
27.3940429688
68.6538085938
54.173828125
35.9919433594
30.5339355469
53.7280273438
51.5720214844
34.1218261719
44.4423828125
57.2971191406
40.1088867188
27.5559082031
52.5810546875
36.7111816406
28.0209960938
33.5512695312
57.0249023438
49.1508789062
27.78515625
79.5893554688
44.4838867188
25.4619140625
73.7578125
50.6770019531
29.0209960938
45.7629394531
50.7370605469
26.705078125
30.1928710938
51.291015625
49.0139160156
29.3522949219
63.5078125
52.9028320312
36.048828125
29.1909179688
49.4660644531
47.1677246094
28.8168945312
65.5319824219
42.916015625
28.92578125
45.2861328125
57.6711425781
27.9470214844
40.8410644531
43.5749511719
41.1853027344
27.7238769531
62.1479492188
53.2319335938
26.3229980469
57.7399902344
53.3071289062
29.6010742188
34.3830566406
56.0659179688
46.2048339844
27.2651367188
48.5659179688
51.5258789062
31.3059082031
43.4228515625
64.09375
30.0671386719
59.8627929688
51.6259765625
28.0012207031
77.8830566406
55.9470214844
32.8999023438
48.3662109375
53.6179199219
36.79296875
29.080078125
74.708984375
47.4460449219
29.1279296875
57.8388671875
57.5402832031
29.7529296875
38.9318847656
60.4780273438
29.2260742188
50.6030273438
46.4650878906
47.2778320312
30.1481933594
64.3947753906
43.8679199219
28.6760253906
35.9282226562
48.953125
47.2951660156
26.9150390625
81.1118164062
47.8881835938
27.1762695312
81.3061523438
49.8540039062
28.5339355469
61.6159667969
48.001953125
28.1911621094
39.291015625
66.2221679688
45.9130859375
28.1708984375
57.0759277344
46.2219238281
29.4560546875
41.0720214844
59.5788574219
28.71484375
50.2421875
55.6479492188
32.5649414062
26.3049316406
47.8310546875
49.0187988281
26.4243164062
41.1821289062
47.916015625
43.3850097656
27.6469726562
77.2521972656
48.1730957031
28.1752929688
52.6459960938
39.412109375
40.2749023438
26.5661621094
52.2561035156
46.4389648438
29.3852539062
57.58984375
51.2741699219
36.3791503906
38.0202636719
54.4538574219
48.4470214844
28.3439941406
62.708984375
52.9973144531
38.8889160156
28.1059570312
61.0578613281
48.2819824219
30.7399902344
76.2380371094
47.2788085938
36.9079589844
30.6638183594
73.8161621094
44.2587890625
28.4611816406
61.5913085938
56.9880371094
30.453125
81.5500488281
50.576171875
28.3671875
79.6650390625
52.1628417969
31.9289550781
76.8649902344
49.7419433594
29.3229980469
52.8781738281
50.9350585938
32.5810546875
44.2119140625
44.7312011719
40.1579589844
27.9211425781
59.2028808594
41.4030761719
48.5529785156
29.876953125
55.7607421875
57.7329101562
29.8720703125
77.1528320312
51.4357910156
27.3620605469
53.8061523438
48.5910644531
