1024.95605469
98.3288574219
61.8500976562
51.2958984375
64.4729003906
79.7580566406
98.9699707031
58.6860351562
46.0129394531
91.3879394531
65.2421875
69.4248046875
39.1240234375
71.6730957031
70.5959472656
41.7211914062
33.6862792969
32.3159179688
48.6140136719
87.419921875
53.4108886719
29.1262207031
92.2958984375
44.9558105469
52.0520019531
61.2421875
57.2302246094
36.7009277344
24.8000488281
42.1391601562
54.70703125
37.5471191406
25.4799804688
51.8920898438
42.6589355469
47.9450683594
25.2629394531
31.6750488281
55.0170898438
36.5739746094
24.8283691406
28.3330078125
62.8330078125
43.9831542969
25.8491210938
36.7231445312
52.9599609375
42.123046875
29.1240234375
59.3969726562
40.7629394531
25.1301269531
33.3149414062
68.4382324219
39.5590820312
27.7651367188
53.8740234375
63.919921875
41.4909667969
27.7038574219
61.3129882812
44.9870605469
38.8259277344
29.2370605469
61.2822265625
44.6848144531
44.4069824219
25.9670410156
64.4399414062
39.2888183594
37.3911132812
27.2709960938
53.1960449219
58.20703125
35.9709472656
31.1938476562
51.5612792969
50.5209960938
42.9343261719
29.3542480469
66.8608398438
38.1760253906
38.2880859375
29.501953125
26.7141113281
54.0620117188
66.4851074219
37.9860839844
36.0061035156
57.2348632812
45.6350097656
35.9931640625
94.712890625
39.7158203125
42.7810058594
34.9157714844
32.1408691406
93.6579589844
42.9958496094
30.5539550781
54.6281738281
46.6979980469
45.7749023438
29.6379394531
63.3688964844
54.0520019531
44.8439941406
35.6599121094
52.2438964844
70.4440917969
42.8918457031
31.7841796875
32.1669921875
71.7749023438
50.4770507812
29.0068359375
35.5888671875
47.9968261719
46.205078125
34.5002441406
29.5639648438
28.0622558594
81.330078125
35.7561035156
47.1877441406
28.2006835938
32.4348144531
68.7399902344
49.3669433594
42.5778808594
62.4509277344
45.9621582031
46.916015625
29.2839355469
55.3149414062
71.4851074219
42.5251464844
28.1921386719
30.5849609375
71.5988769531
40.7170410156
50.2302246094
32.9716796875
87.048828125
44.0310058594
44.0461425781
33.2639160156
85.203125
41.2648925781
34.044921875
39.3569335938
70.8078613281
59.9228515625
34.3330078125
55.8002929688
62.2470703125
43.3791503906
34.8220214844
32.8659667969
76.0910644531
56.1020507812
45.8449707031
28.75390625
55.0012207031
54.0603027344
51.6149902344
34.0432128906
93.4189453125
41.1018066406
33.3728027344
40.7082519531
75.8923339844
47.3371582031
30.6389160156
70.1450195312
73.1430664062
35.2141113281
50.080078125
67.2919921875
40.1401367188
44.248046875
33.44921875
89.5561523438
51.8090820312
30.4760742188
104.166992188
45.2770996094
29.5310058594
32.3896484375
73.1762695312
54.1010742188
34.5378417969
86.7158203125
38.7919921875
45.8740234375
29.5629882812
30.283203125
99.9289550781
39.4069824219
29.9379882812
46.0197753906
53.36328125
50.4650878906
31.1000976562
83.3547363281
40.6931152344
39.3068847656
31.2109375
86.4343261719
45.5869140625
43.4580078125
29.0817871094
27.4731445312
62.458984375
42.1010742188
50.7971191406
31.5219726562
79.5520019531
46.130859375
41.0397949219
38.95703125
70.3081054688
55.5849609375
41.0458984375
30.1831054688
32.0087890625
92.5610351562
45.5739746094
41.3208007812
28.0048828125
87.7160644531
40.4111328125
37.9880371094
40.5600585938
67.2590332031
46.0788574219
33.4660644531
73.9602050781
53.3071289062
44.9360351562
34.5627441406
72.2990722656
51.1069335938
40.0632324219
37.7490234375
59.3288574219
61.6440429688
43.9680175781
29.9780273438
58.7749023438
38.5380859375
41.9057617188
30.9392089844
71.1618652344
70.3159179688
42.4118652344
33.1821289062
38.5339355469
72.0581054688
39.0590820312
34.2790527344
74.9829101562
57.5319824219
43.4880371094
33.6799316406
92.6647949219
48.5080566406
45.3249511719
34.0417480469
79.6958007812
44.7731933594
38.5358886719
34.79296875
64.9401855469
54.7890625
42.4858398438
31.578125
84.6369628906
46.6948242188
39.7607421875
33.4890136719
78.4240722656
39.8049316406
45.798828125
29.1059570312
58.8459472656
66.9841308594
36.875
26.9719238281
29.4526367188
89.6049804688
49.7880859375
28.3190917969
29.2900390625
44.0939941406
55.6472167969
60.3151855469
35.4638671875
63.8352050781
43.5280761719
38.7041015625
27.7121582031
93.4272460938
44.6201171875
45.2629394531
31.2109375
77.0842285156
51.8029785156
33.6938476562
35.5329589844
51.6520996094
39.0939941406
44.1901855469
47.2609863281
47.9301757812
64.3439941406
41.7429199219
30.5859375
36.2719726562
84.7521972656
48.44140625
28.8071289062
54.9489746094
60.5031738281
51.6508789062
31.6459960938
80.9038085938
56.2612304688
42.9873046875
36.2631835938
66.5908203125
46.2590332031
31.1647949219
35.9521484375
67.7587890625
42.7590332031
38.0239257812
57.6369628906
49.4770507812
34.0971679688
34.5078125
35.1740722656
72.4650878906
41.7380371094
40.8310546875
29.0610351562
33.33984375
78.3481445312
53.4221191406
31.1647949219
85.326171875
40.6767578125
43.5290527344
38.37890625
68.2790527344
50.3840332031
44.421875
33.1928710938
39.6220703125
54.2390136719
48.9228515625
31.8679199219
89.4470214844
53.8430175781
52.3552246094
32.759765625
58.3559570312
38.3720703125
29.3859863281
64.6062011719
55.0197753906
41.9987792969
29.7451171875
32.7097167969
38.5270996094
59.9641113281
53.4379882812
32.548828125
34.9221191406
72.3781738281
37.6169433594
28.8010253906
68.6118164062
52.9130859375
37.7131347656
28.0239257812
32.0739746094
80.3708496094
62.0700683594
39.16015625
29.1391601562
57.8249511719
48.6789550781
37.0510253906
28.8720703125
91.1298828125
47.9011230469
30.4279785156
29.3039550781
91.9790039062
42.0910644531
30.1708984375
57.6889648438
47.8342285156
47.4440917969
35.9658203125
91.9692382812
43.1791992188
30.6079101562
29.7409667969
94.8479003906
50.4919433594
48.1630859375
27.8940429688
64.1228027344
46.6909179688
38.9987792969
40.1638183594
82.3269042969
50.9230957031
29.9619140625
63.0412597656
57.5651855469
49.9929199219
32.0988769531
67.2980957031
46.1970214844
28.3430175781
70.7067871094
53.1767578125
42.7639160156
30.0759277344
109.105957031
46.9431152344
31.5737304688
30.9260253906
83.2807617188
50.2331542969
34.9389648438
68.9448242188
55.2561035156
42.0791015625
32.2917480469
79.5856933594
39.6179199219
43.6489257812
28.5
66.1611328125
58.6831054688
56.3249511719
33.9619140625
37.1081542969
65.7255859375
49.458984375
43.4650878906
31.1301269531
90.3229980469
47.3520507812
29.2370605469
32.4968261719
76.6860351562
57.3142089844
32.2087402344
77.5559082031
46.6008300781
44.1071777344
27.3981933594
71.7202148438
54.5668945312
37.6821289062
29.0161132812
38.6137695312
43.416015625
38.1372070312
29.201171875
95.4521484375
38.2231445312
27.6169433594
29.7131347656
62.166015625
46.8798828125
43.0498046875
29.7360839844
75.7312011719
48.5319824219
35.8100585938
39.0131835938
34.1921386719
54.8569335938
44.2062988281
36.6171875
29.0830078125
27.6506347656
107.305175781
40.2761230469
30.3029785156
66.0739746094
61.201171875
40.4912109375
28.0229492188
30.01171875
81.6740722656
45.0498046875
36.70703125
33.3120117188
70.1120605469
42.2578125
47.8200683594
35.0881347656
64.3850097656
43.3208007812
30.8950195312
72.3933105469
45.7561035156
50.7883300781
35.1240234375
43.7180175781
59.4968261719
48.15625
30.580078125
109.155029297
37.2009277344
46.505859375
30.7309570312
76.5317382812
56.9689941406
40.4958496094
30.3208007812
57.5539550781
58.6550292969
45.244140625
35.8752441406
35.3969726562
94.302734375
41.8259277344
29.5231933594
54.7517089844
78.5798339844
50.2312011719
32.1281738281
32.5971679688
71.6162109375
42.2861328125
38.2788085938
64.712890625
51.1840820312
31.4729003906
72.0610351562
42.4702148438
49.2819824219
29.9270019531
31.4670410156
71.4729003906
46.1809082031
52.7561035156
37.9140625
81.5539550781
42.1279296875
34.3601074219
30.0961914062
29.5610351562
55.1040039062
50.0190429688
29.1960449219
29.5661621094
62.2570800781
36.9431152344
38.8081054688
37.66796875
36.23828125
76.4189453125
39.3491210938
28.4838867188
29.9848632812
98.7241210938
49.3430175781
38.9208984375
30.7788085938
65.6418457031
46.3876953125
39.3959960938
41.0380859375
84.248046875
42.9396972656
40.716796875
35.3100585938
51.7861328125
37.2661132812
38.1560058594
31.7109375
33.1950683594
107.861083984
41.5729980469
43.8159179688
31.7307128906
91.2199707031
37.0307617188
35.9350585938
102.197021484
43.3198242188
37.4597167969
50.6560058594
61.6401367188
53.0461425781
61.2438964844
36.3742675781
42.8071289062
106.115966797
46.0510253906
41.1440429688
83.4113769531
39.5021972656
33.8571777344
38.8630371094
80.2026367188
58.9860839844
44.8640136719
46.2570800781
84.2890625
58.0258789062
57.3708496094
45.7548828125
107.774169922
46.6669921875
44.7663574219
114.781982422
52.1918945312
40.048828125
46.6411132812
90.0031738281
56.7609863281
36.7280273438
75.0510253906
74.5397949219
50.8891601562
51.4460449219
40.3061523438
122.90625
41.3850097656
34.1650390625
38.8620605469
73.1950683594
47.5559082031
51.1169433594
30.6550292969
61.6430664062
45.0151367188
37.4189453125
37.8046875
93.8642578125
42.7849121094
27.6552734375
28.8137207031
54.9790039062
42.8930664062
48.3540039062
46.001953125
45.5432128906
44.6159667969
40.4851074219
33.9282226562
86.8662109375
51.0920410156
31.4401855469
27.6379394531
51.7302246094
46.9519042969
44.0358886719
27.3723144531
29.5871582031
74.7631835938
38.4899902344
42.4001464844
33.7409667969
72.970703125
45.7751464844
34.1870117188
29.2109375
55.8449707031
42.0329589844
45.7829589844
31.6279296875
47.9729003906
67.0361328125
42.166015625
35.8381347656
36.9938964844
76.5290527344
55.6228027344
32.2438964844
41.2321777344
61.2980957031
32.6530761719
59.0629882812
59.4279785156
61.5698242188
31.5129394531
63.5961914062
55.9799804688
42.3210449219
40.0290527344
39.0219726562
53.3908691406
40.3120117188
33.0227050781
28.8569335938
111.322998047
45.544921875
31.5329589844
87.4501953125
48.1689453125
35.7192382812
93.9609375
50.7619628906
31.7590332031
32.5119628906
80.2878417969
50.9033203125
46.51171875
31.8259277344
101.405761719
43.6647949219
43.0310058594
56.2329101562
59.3542480469
40.7609863281
30.4609375
32.703125
80.3601074219
43.2819824219
30.0849609375
32.9248046875
91.7863769531
42.0698242188
37.4848632812
30.5187988281
78.2348632812
49.7817382812
41.3449707031
30.134765625
74.0378417969
47.0979003906
31.4431152344
32.4289550781
65.1059570312
38.5798339844
37.5158691406
27.7797851562
34.1860351562
65.916015625
38.4521484375
30.7670898438
26.2670898438
72.7639160156
44.0458984375
32.4670410156
28.2390136719
82.9602050781
52.7758789062
30.2219238281
39.083984375
61.6459960938
34.3010253906
38.1550292969
30.9018554688
62.7487792969
65.3930664062
52.1499023438
29.3269042969
55.9379882812
59.2690429688
39.6459960938
29.671875
34.4150390625
95.955078125
49.5571289062
42.2958984375
27.8737792969
69.2250976562
61.5458984375
44.5300292969
32.208984375
64.7607421875
54.0029296875
40.3579101562
35.1420898438
50.4558105469
49.322265625
42.6708984375
32.9543457031
57.5949707031
45.3127441406
47.08203125
30.8278808594
67.66015625
41.7438964844
60.5261230469
26.6550292969
85.6376953125
49.9909667969
38.7351074219
30.5009765625
64.3762207031
48.4560546875
43.4108886719
32.505859375
59.6979980469
65.4709472656
54.4582519531
31.1960449219
79.2241210938
43.0810546875
43.8779296875
30.1271972656
101.772216797
40.0959472656
32.0549316406
39.3129882812
66.5681152344
41.6870117188
29.4448242188
57.544921875
65.41796875
45.6091308594
40.5319824219
31.0920410156
72.9091796875
43.8439941406
31.4208984375
81.2880859375
44.7783203125
39.4848632812
27.3859863281
38.078125
51.9040527344
60.0280761719
32.1330566406
35.6940917969
50.0148925781
36.3989257812
42.5327148438
29.5336914062
69.4450683594
57.3991699219
42.6311035156
30.6208496094
59.8818359375
58.8217773438
50.1169433594
29.552734375
55.7060546875
44.6499023438
41.0102539062
35.0310058594
30.7888183594
59.2719726562
48.99609375
45.7890625
27.7800292969
82.1982421875
44.1291503906
30.0109863281
66.09375
50.5678710938
34.9208984375
40.9331054688
69.2080078125
49.0041503906
42.1711425781
36.7429199219
76.99609375
49.3269042969
52.1298828125
30.7192382812
58.4858398438
52.4599609375
51.9968261719
32.1162109375
68.6809082031
44.8530273438
44.1909179688
41.4182128906
77.2668457031
39.2907714844
50.1459960938
31.6379394531
113.594970703
50.1218261719
30.1569824219
84.8869628906
49.3210449219
44.0969238281
41.0141601562
66.1298828125
49.4899902344
31.4929199219
28.9890136719
94.49609375
46.5300292969
30.2719726562
69.2458496094
46.1508789062
50.3288574219
35.5698242188
87.3989257812
48.451171875
41.5568847656
32.33203125
65.4299316406
39.7131347656
48.1579589844
28.8698730469
70.6069335938
48.0390625
49.8359375
34.2172851562
59.3708496094
37.1879882812
35.9829101562
32.33984375
89.0561523438
46.1870117188
29.5930175781
27.7700195312
65.6208496094
40.7231445312
49.8308105469
35.6081542969
49.3078613281
38.5390625
44.4970703125
38.3688964844
31.6569824219
41.7260742188
42.7299804688
42.4499511719
30.208984375
34.7739257812
46.0270996094
50.1860351562
41.4340820312
29.8386230469
27.419921875
94.4140625
49.3259277344
34.998046875
61.9809570312
37.5031738281
43.0517578125
26.8369140625
57.0700683594
58.3388671875
38.7399902344
29.0778808594
72.7260742188
70.1879882812
31.544921875
31.29296875
55.7951660156
45.9538574219
30.28125
89.2329101562
54.4038085938
32.7609863281
36.2331542969
58.1079101562
44.8940429688
52.0769042969
40.453125
82.7319335938
50.4743652344
31.5329589844
54.7700195312
63.1081542969
46.962890625
36.1198730469
59.2158203125
57.419921875
53.0710449219
36.4790039062
50.0029296875
48.1071777344
45.3740234375
31.9372558594
100.668212891
42.9228515625
30.4750976562
52.5959472656
59.1147460938
48.7971191406
36.0710449219
56.3479003906
70.0539550781
46.7412109375
249.577880859
50.2529296875
154.270019531
57.3791503906
43.9191894531
28.1591796875
