1182.54711914
105.372070312
102.519042969
84.0881347656
74.3010253906
106.231933594
56.6069335938
48.0107421875
75.7770996094
38.2092285156
88.9538574219
62.3151855469
53.4011230469
47.0942382812
63.6708984375
37.8640136719
32.4887695312
36.6909179688
71.7009277344
48.669921875
61.6791992188
73.2368164062
75.7912597656
97.8271484375
100.946044922
52.1828613281
39.9921875
38.2648925781
79.6027832031
54.3850097656
42.1430664062
111.693847656
48.5510253906
39.8049316406
100.099121094
47.5749511719
42.0341796875
89.12109375
64.6691894531
52.212890625
31.1181640625
34.2551269531
66.1821289062
52.9521484375
43.6640625
36.2761230469
100.445068359
50.3420410156
34.55078125
48.62109375
86.419921875
45.3659667969
31.1701660156
64.8291015625
65.6169433594
47.5717773438
32.7580566406
30.0090332031
69.3737792969
55.8459472656
50.154296875
35.3930664062
71.4899902344
36.1689453125
50.91796875
31.5302734375
60.7580566406
62.3510742188
53.0461425781
31.3239746094
85.0671386719
55.6079101562
53.2448730469
35.5747070312
87.3911132812
63.208984375
43.9719238281
31.8251953125
76.9421386719
49.671875
48.6411132812
35.5520019531
52.2639160156
82.8791503906
56.4089355469
40.6782226562
35.1279296875
64.5871582031
55.1640625
39.33984375
36.3776855469
109.001708984
47.1870117188
33.1682128906
68.4799804688
52.8986816406
74.5048828125
35.7770996094
85.1481933594
53.3100585938
33.0319824219
50.1188964844
72.7980957031
43.4499511719
30.2351074219
53.0139160156
59.95703125
43.6352539062
39.1328125
35.3374023438
89.4680175781
43.5883789062
28.7709960938
32.3488769531
71.5310058594
53.87890625
40.8972167969
31.1770019531
29.5119628906
51.1589355469
54.791015625
45.6691894531
32.6301269531
58.787109375
53.2229003906
42.1809082031
28.6799316406
57.0219726562
62.49609375
47.8659667969
30.6711425781
32.076171875
86.2797851562
48.4772949219
34.7932128906
41.7980957031
66.8269042969
45.794921875
39.7082519531
62.2980957031
65.703125
51.8688964844
29.1931152344
98.4780273438
40.4038085938
42.5197753906
32.3020019531
61.58984375
45.2419433594
56.9211425781
31.4438476562
90.2878417969
40.4379882812
33.4548339844
69.2780761719
70.8312988281
52.2619628906
28.6350097656
64.8259277344
56.7839355469
54.8630371094
34.4147949219
66.8610839844
57.9868164062
48.7678222656
31.9099121094
49.0190429688
62.9799804688
47.2272949219
34.2561035156
105.765869141
52.8488769531
45.0158691406
30.8229980469
61.787109375
44.9431152344
46.205078125
43.6789550781
63.7390136719
66.4750976562
48.9306640625
33.6840820312
49.1901855469
79.4829101562
43.6320800781
32.9738769531
63.9680175781
45.9567871094
47.6848144531
34.9858398438
35.9289550781
68.1870117188
41.2668457031
37.462890625
30.1630859375
94.595703125
41.9350585938
42.9030761719
29.1960449219
59.4619140625
51.8210449219
43.587890625
31.2788085938
40.7080078125
56.9370117188
53.25390625
35.4548339844
37.4509277344
59.1372070312
63.7189941406
43.5747070312
30.2338867188
111.913085938
46.7648925781
39.3000488281
29.7397460938
98.1240234375
43.4609375
38.8410644531
68.3259277344
45.8259277344
41.8989257812
31.0380859375
100.784179688
43.37109375
44.6040039062
28.8820800781
34.2468261719
89.875
56.1198730469
33.4899902344
63.1489257812
63.5690917969
46.9340820312
35.3330078125
36.5810546875
92.2141113281
45.630859375
31.3708496094
64.7038574219
58.451171875
52.5268554688
50.1599121094
91.5139160156
44.3698730469
45.80078125
36.2219238281
41.8991699219
79.3342285156
62.0002441406
34.8532714844
58.6770019531
65.16015625
67.2819824219
35.4311523438
64.0178222656
54.2878417969
43.6291503906
40.7419433594
79.0939941406
48.2150878906
49.41015625
33.45703125
84.9848632812
47.4506835938
41.9250488281
30.3869628906
89.3530273438
63.5717773438
44.0180664062
36.2131347656
81.1950683594
44.8947753906
32.3200683594
31.3588867188
74.0859375
51.0187988281
29.5090332031
61.7800292969
59.19921875
53.6730957031
41.748046875
32.6589355469
52.4370117188
58.2028808594
45.1052246094
35.7341308594
45.8918457031
68.6350097656
40.712890625
35.4699707031
31.16015625
98.923828125
40.7341308594
30.7399902344
71.9519042969
47.8251953125
56.046875
35.7561035156
31.5529785156
71.4609375
49.7038574219
32.3781738281
93.2829589844
41.3930664062
47.3859863281
32.0380859375
43.0148925781
68.7978515625
51.3752441406
33.8571777344
34.9680175781
72.3840332031
54.6831054688
31.7448730469
39.8850097656
84.5791015625
45.076171875
30.2358398438
30.5751953125
58.2021484375
56.2768554688
36.0908203125
30.2268066406
32.9658203125
70.6350097656
45.5100097656
40.2907714844
35.9580078125
79.2810058594
46.4140625
41.1989746094
32.0
70.3620605469
62.0759277344
42.953125
33.6411132812
79.5651855469
54.287109375
55.4489746094
47.33203125
65.919921875
48.2490234375
38.6528320312
76.7109375
45.5480957031
41.87109375
29.7766113281
36.3881835938
92.4360351562
50.625
30.9047851562
35.7021484375
76.296875
42.7001953125
37.8801269531
73.8488769531
59.0639648438
39.8090820312
37.080078125
127.433105469
58.3117675781
35.3898925781
80.5087890625
54.7199707031
34.44921875
44.4560546875
58.8969726562
33.3630371094
32.4931640625
84.3850097656
51.2341308594
34.1362304688
83.6789550781
45.5187988281
39.3491210938
37.7248535156
72.3779296875
46.8376464844
45.5881347656
29.4450683594
69.2678222656
57.5600585938
37.5227050781
28.2668457031
69.916015625
49.2321777344
41.8562011719
33.3120117188
34.7380371094
86.298828125
47.3549804688
37.7890625
28.6450195312
70.9470214844
52.0290527344
50.046875
31.3217773438
32.2307128906
96.9230957031
45.1669921875
29.208984375
30.6220703125
92.2529296875
76.9611816406
44.5810546875
66.5190429688
47.8518066406
46.1376953125
32.3208007812
35.9040527344
60.6098632812
45.7858886719
35.7648925781
111.678955078
44.1179199219
43.2861328125
34.7739257812
71.12890625
50.2270507812
38.4929199219
31.4208984375
114.579833984
49.6638183594
32.6979980469
32.3488769531
72.9680175781
64.0759277344
44.4057617188
56.7292480469
57.37109375
37.7961425781
31.2329101562
44.2150878906
83.7321777344
43.6701660156
46.6870117188
30.6110839844
63.3620605469
59.6479492188
55.5009765625
32.3369140625
35.7341308594
79.5830078125
44.9301757812
43.0778808594
79.2529296875
43.6877441406
46.6840820312
36.4079589844
60.123046875
69.6301269531
48.4289550781
31.3400878906
30.8498535156
78.6530761719
63.1787109375
35.2517089844
60.0869140625
55.8542480469
44.8937988281
32.4711914062
41.2731933594
78.8759765625
46.0480957031
36.25390625
33.6459960938
94.2768554688
54.1408691406
44.1650390625
32.0961914062
71.2058105469
50.99609375
36.86328125
36.3559570312
98.0100097656
46.5290527344
30.6179199219
32.5390625
73.1791992188
47.8481445312
45.208984375
29.5830078125
56.0629882812
56.4770507812
39.69921875
38.171875
43.0068359375
52.2578125
49.6489257812
32.958984375
32.7443847656
92.1418457031
57.669921875
33.7219238281
42.5180664062
66.2299804688
47.1398925781
42.3601074219
69.1640625
45.0417480469
48.8359375
28.6101074219
42.455078125
67.9191894531
46.5549316406
31.9929199219
30.8598632812
77.0668945312
47.3989257812
40.3408203125
67.99609375
50.2468261719
50.2290039062
31.0729980469
58.2397460938
76.6831054688
58.16796875
31.9499511719
42.00390625
53.7019042969
47.2302246094
43.7329101562
76.8811035156
40.6557617188
45.6657714844
33.6411132812
56.6142578125
66.8950195312
48.79296875
32.8610839844
67.5739746094
57.2521972656
44.5390625
37.3911132812
117.555664062
45.4970703125
32.8681640625
36.1240234375
101.8359375
43.5749511719
38.0949707031
30.4079589844
96.7436523438
58.1489257812
39.3623046875
32.4899902344
68.2341308594
44.1391601562
37.3012695312
36.6840820312
43.5048828125
74.1911621094
58.6430664062
53.0290527344
38.1999511719
100.317871094
39.9030761719
47.5441894531
37.2849121094
110.95703125
49.0810546875
41.1979980469
89.7768554688
67.625
33.4479980469
35.958984375
40.5749511719
88.0979003906
52.4770507812
34.5070800781
54.5029296875
55.8508300781
52.2109375
37.2883300781
91.8850097656
56.869140625
48.3181152344
41.9291992188
103.861816406
48.9790039062
63.3591308594
39.1982421875
100.156982422
75.5729980469
31.3408203125
67.3657226562
76.5229492188
45.341796875
29.9858398438
45.7160644531
36.7749023438
37.62109375
23.7790527344
25.1809082031
55.7109375
40.0510253906
28.3889160156
24.0290527344
69.3449707031
36.6220703125
24.3071289062
25.0187988281
75.8820800781
37.1547851562
25.2121582031
24.3259277344
70.0141601562
34.5249023438
31.5476074219
24.3146972656
56.7690429688
36.28515625
24.8969726562
34.6970214844
41.0830078125
42.3728027344
24.7487792969
28.65234375
44.5358886719
47.6479492188
48.25390625
35.4079589844
24.1110839844
24.6462402344
47.6669921875
42.7670898438
25.1391601562
24.37109375
57.9780273438
38.8540039062
24.6298828125
24.4851074219
58.4030761719
41.0559082031
25.5930175781
28.5180664062
55.5278320312
37.8178710938
31.7390136719
21.8737792969
69.205078125
41.990234375
26.1220703125
27.6389160156
36.0710449219
40.0087890625
23.1628417969
25.0900878906
52.0891113281
41.6708984375
22.0378417969
22.6801757812
53.3996582031
39.1479492188
23.2280273438
25.2829589844
44.49609375
38.5361328125
23.2731933594
22.0319824219
52.9431152344
32.5341796875
22.0051269531
22.9091796875
70.87109375
35.7219238281
23.7087402344
24.2478027344
42.8889160156
41.82421875
30.4602050781
22.9870605469
54.8640136719
48.6240234375
22.9777832031
24.2250976562
68.0209960938
38.9650878906
24.6281738281
23.9909667969
54.2060546875
45.0319824219
24.205078125
27.62109375
58.7807617188
34.7260742188
24.2448730469
26.3491210938
56.7468261719
44.3510742188
24.0642089844
59.0979003906
36.5249023438
43.1188964844
26.3659667969
33.078125
55.5639648438
31.5390625
25.296875
76.3469238281
41.6879882812
25.0310058594
26.9748535156
57.3898925781
43.5
22.7209472656
28.48828125
53.6520996094
38.0168457031
23.7048339844
34.580078125
44.8210449219
35.0620117188
24.5810546875
34.6970214844
40.3969726562
41.3647460938
23.4008789062
28.8552246094
46.8098144531
39.3920898438
26.0749511719
22.8837890625
59.9802246094
38.8259277344
24.0322265625
22.9389648438
55.6608886719
36.5959472656
24.2509765625
22.4470214844
54.6020507812
38.4982910156
23.75
24.1982421875
48.8010253906
36.8640136719
25.3210449219
23.2639160156
45.8291015625
43.8989257812
30.8718261719
22.4431152344
32.8388671875
48.9870605469
31.6040039062
22.4089355469
32.1411132812
45.822265625
36.8649902344
22.6201171875
31.6870117188
47.6340332031
33.7419433594
21.953125
30.7951660156
41.2751464844
22.0969238281
21.3229980469
70.9011230469
43.8361816406
25.6181640625
46.0930175781
43.3820800781
37.9560546875
23.3381347656
66.1811523438
42.7209472656
32.8342285156
24.8430175781
45.7419433594
37.6442871094
22.5341796875
25.2709960938
45.8190917969
41.3149414062
22.955078125
29.0192871094
58.5131835938
43.5891113281
21.70703125
26.2790527344
65.4958496094
46.1691894531
33.2045898438
23.0461425781
50.5390625
47.1440429688
27.6372070312
25.6069335938
68.0090332031
43.6110839844
26.0988769531
29.9282226562
42.4279785156
40.0959472656
30.8078613281
27.6518554688
51.9340820312
42.998046875
25.6408691406
33.205078125
52.2248535156
35.29296875
25.7502441406
31.2880859375
43.1918945312
38.578125
23.1931152344
33.7319335938
50.8479003906
31.5161132812
24.1271972656
58.9890136719
39.8081054688
25.9279785156
30.2619628906
53.5390625
34.1437988281
22.9299316406
46.7702636719
35.8530273438
34.3850097656
23.2348632812
28.162109375
58.2568359375
40.2807617188
22.7150878906
25.1101074219
54.6540527344
37.2741699219
24.6989746094
22.2211914062
66.5739746094
34.7780761719
25.2641601562
23.9680175781
61.2321777344
40.9768066406
25.9509277344
22.5236816406
51.0517578125
36.4951171875
23.5295410156
22.5061035156
59.2700195312
33.3168945312
30.3291015625
22.7939453125
38.4360351562
44.2751464844
30.6228027344
23.6611328125
28.5891113281
45.3039550781
34.4560546875
24.6020507812
24.7282714844
64.6860351562
38.8679199219
25.7270507812
34.6889648438
50.5327148438
33.4411621094
22.8120117188
46.0029296875
48.9089355469
31.2468261719
24.5830078125
50.3449707031
39.3291015625
30.5400390625
23.2309570312
54.3010253906
40.5222167969
25.2548828125
23.2980957031
68.466796875
38.16796875
25.0239257812
74.2221679688
45.6691894531
25.6459960938
29.1000976562
48.2209472656
39.9428710938
24.3422851562
23.9938964844
57.2160644531
43.9807128906
31.8708496094
24.2009277344
62.0141601562
37.6569824219
33.4680175781
24.3898925781
40.6149902344
50.8278808594
32.9958496094
24.3068847656
67.9541015625
36.3518066406
23.5190429688
23.3649902344
64.7521972656
40.6010742188
23.6909179688
50.1188964844
44.9750976562
39.8029785156
24.6921386719
29.6911621094
40.5329589844
41.0158691406
23.0219726562
22.9421386719
45.6049804688
46.2341308594
26.0219726562
21.5539550781
58.8679199219
39.8356933594
21.875
25.3869628906
56.0632324219
43.5930175781
30.6030273438
25.0441894531
26.3959960938
44.1967773438
45.5451660156
29.7800292969
20.33984375
35.7292480469
46.3010253906
30.9128417969
21.6630859375
30.87109375
52.1528320312
32.9309082031
24.0261230469
28.9357910156
44.4289550781
34.5739746094
23.4079589844
20.5412597656
69.7951660156
37.419921875
29.3986816406
22.6899414062
45.9489746094
34.6049804688
31.7189941406
23.9587402344
58.20703125
40.4411621094
23.0209960938
23.6459960938
62.0
41.4401855469
23.6508789062
31.9931640625
56.048828125
38.3601074219
22.6982421875
32.6948242188
50.4868164062
45.009765625
27.4250488281
27.6657714844
43.9931640625
39.9609375
33.4699707031
23.3239746094
69.208984375
44.4528808594
23.7880859375
27.0161132812
52.4870605469
44.6418457031
23.3051757812
26.2561035156
41.6149902344
33.7482910156
34.4970703125
26.5759277344
27.6279296875
50.4638671875
41.5087890625
25.0041503906
25.6208496094
41.4230957031
37.8220214844
24.796875
33.8020019531
49.5278320312
34.4750976562
24.1901855469
44.8098144531
