1242.35595703
806.493896484
777.054931641
756.898925781
797.646972656
780.781982422
797.131103516
790.463867188
773.136962891
772.453857422
776.761962891
780.626220703
774.589111328
771.770019531
782.609863281
789.454833984
779.090820312
782.315917969
783.8359375
769.116943359
780.516845703
792.006835938
748.093994141
767.086181641
752.687988281
781.293701172
772.359863281
780.741943359
786.569091797
777.452880859
754.163818359
749.343017578
781.979248047
776.21484375
785.833740234
757.162841797
779.665039062
778.744873047
775.785888672
772.840820312
782.035888672
796.305908203
769.229248047
783.626708984
782.598876953
773.833007812
782.5859375
782.054931641
794.735107422
767.266113281
783.346191406
755.577880859
760.353027344
782.776855469
761.073974609
772.760253906
776.932861328
795.105224609
751.270996094
755.544921875
777.241943359
785.625
785.149169922
778.742919922
768.799804688
780.810058594
752.826904297
778.438232422
758.659912109
790.761962891
790.861083984
776.443847656
771.969726562
774.117919922
775.679931641
776.122314453
781.821777344
751.061035156
754.262939453
777.384033203
773.055908203
773.889892578
770.196289062
781.743896484
785.657226562
830.653076172
863.718017578
767.425048828
778.873046875
755.016113281
752.681152344
778.277099609
771.664794922
782.822753906
781.451904297
788.171142578
790.252929688
772.482910156
776.333984375
777.271240234
776.262939453
792.105957031
782.854980469
777.813964844
779.714111328
750.259765625
772.062988281
773.919921875
780.868164062
750.010009766
781.442871094
778.845947266
786.854980469
785.037109375
773.306884766
760.126220703
786.176025391
781.030761719
781.893066406
786.863037109
758.563964844
750.334228516
787.591064453
757.996826172
757.616943359
771.520996094
776.575195312
774.9140625
751.192138672
756.485839844
775.576171875
778.209960938
776.399658203
752.351074219
779.306884766
774.730957031
754.12109375
779.560058594
778.099121094
781.123046875
781.879150391
779.419921875
771.929931641
774.154785156
766.380859375
775.779785156
755.6328125
751.041748047
755.015136719
775.459960938
753.899902344
775.075195312
770.872070312
782.309082031
776.195068359
792.407226562
750.891845703
779.688964844
772.073974609
776.830078125
778.642089844
775.426025391
778.247070312
780.509033203
760.895019531
782.809082031
781.653320312
772.785888672
777.764160156
780.134765625
783.395263672
755.154052734
765.356933594
754.583984375
769.740966797
778.010253906
788.009277344
783.747802734
781.192138672
775.844970703
850.410888672
784.552734375
803.348876953
772.08984375
772.420898438
765.565185547
785.292236328
766.305908203
778.645019531
776.231933594
793.135009766
772.621826172
753.127929688
772.673828125
757.795166016
778.852294922
772.911132812
772.528320312
783.152099609
759.058837891
772.202880859
777.635742188
767.851806641
751.952880859
777.480957031
777.081054688
756.400878906
774.364013672
765.204833984
782.637939453
770.488037109
751.212890625
774.423095703
777.941162109
788.344970703
753.967041016
772.448974609
756.321044922
786.328125
779.67578125
773.588867188
782.455078125
754.201171875
775.127197266
774.153808594
787.070800781
784.174804688
751.771972656
754.498779297
776.232910156
783.101074219
769.323974609
781.645019531
774.545898438
777.535888672
778.392822266
775.412109375
778.999755859
786.308105469
780.686767578
772.554931641
780.854003906
772.311767578
771.994140625
780.593994141
772.321044922
783.978027344
787.837890625
781.779785156
789.775634766
778.243896484
784.697998047
781.766845703
775.230957031
781.906982422
768.068847656
757.064941406
772.424804688
753.108886719
773.461181641
774.033935547
769.823974609
757.490966797
770.883056641
773.874023438
775.160888672
774.459228516
780.099853516
748.407226562
769.421142578
771.854980469
773.366943359
777.122802734
769.067871094
774.620117188
776.453857422
751.66796875
747.362792969
774.488037109
776.70703125
774.726074219
746.467041016
778.887939453
775.867919922
785.529052734
790.342041016
768.663818359
755.241943359
772.084960938
776.241943359
773.104248047
786.468994141
771.228027344
777.072998047
792.927001953
748.303955078
783.999267578
775.690917969
785.25390625
777.787841797
774.578125
788.533203125
782.895996094
753.441650391
752.074951172
790.730957031
779.947021484
793.969238281
795.026123047
787.922119141
784.730957031
793.059082031
774.79296875
778.180664062
783.500976562
786.453125
785.070068359
824.291015625
803.995849609
750.932861328
780.300292969
755.984130859
771.380859375
751.719970703
765.072998047
750.668945312
789.541015625
786.936035156
787.2109375
776.298095703
752.391601562
781.296875
768.513916016
783.880126953
753.334960938
769.385009766
770.239990234
780.649902344
779.250732422
780.428955078
773.940185547
781.356201172
775.060791016
788.587158203
787.494873047
752.822753906
768.1328125
772.135009766
769.114013672
786.325927734
776.734130859
775.401123047
771.842041016
751.811035156
777.256835938
777.459960938
774.880859375
785.093017578
779.868652344
773.975341797
774.825927734
774.007080078
798.058105469
783.440917969
772.402832031
777.801269531
779.554931641
777.599121094
775.989990234
776.121826172
822.463867188
794.355957031
778.812011719
780.538085938
758.763916016
759.716064453
776.154052734
750.400146484
775.591796875
780.191894531
770.732910156
783.453125
776.854003906
776.169921875
754.357177734
749.104003906
771.072998047
782.031982422
750.269042969
774.968017578
780.995117188
769.468994141
776.889892578
775.810058594
784.514892578
780.527099609
771.797851562
779.970947266
751.707763672
771.16796875
755.670166016
762.073974609
779.722167969
760.009033203
783.906738281
778.87890625
778.129150391
755.717041016
756.423828125
784.969970703
774.853027344
755.48828125
785.325927734
756.009033203
768.536132812
773.446044922
761.76171875
756.172851562
755.005126953
771.949951172
783.684082031
791.411132812
777.032958984
753.443847656
785.273193359
755.440917969
783.364990234
795.945068359
779.353027344
783.574951172
776.331054688
838.113037109
774.977294922
783.168945312
782.434814453
774.550048828
784.037109375
751.819091797
772.305908203
776.562988281
771.199707031
772.479003906
774.817138672
782.599121094
773.499023438
789.956054688
790.454833984
781.768066406
786.362060547
775.563964844
779.1796875
782.927978516
755.729980469
785.393066406
764.730224609
759.611083984
764.154785156
784.734130859
754.863037109
782.640136719
788.82421875
782.404052734
786.185791016
753.975097656
771.702148438
782.326904297
778.739990234
780.218994141
787.056884766
774.265869141
777.629882812
778.111083984
785.546875
758.426025391
797.162109375
779.334228516
764.289306641
778.033935547
781.485107422
780.255126953
774.817871094
781.903808594
776.589111328
778.108154297
790.903808594
792.512939453
769.187988281
774.500976562
795.275878906
768.45703125
777.924072266
788.464111328
776.514892578
791.653076172
771.133056641
781.729003906
779.670898438
771.696044922
784.290283203
775.230957031
786.355957031
778.583251953
773.248046875
757.969238281
789.832275391
774.281005859
751.589111328
788.300048828
781.96484375
792.019042969
749.736083984
777.083007812
782.212158203
774.298828125
780.018066406
781.21875
782.141113281
781.552978516
786.337890625
771.149902344
779.945068359
780.900878906
773.656005859
780.860107422
777.867919922
784.702880859
761.886230469
774.322998047
773.273193359
779.520996094
773.043212891
774.216064453
773.109863281
775.181884766
783.538818359
768.976806641
786.875
761.562011719
785.3828125
776.237060547
754.301025391
769.590087891
759.45703125
783.489013672
779.865966797
773.545898438
751.952880859
750.842041016
774.855957031
790.041015625
784.62109375
777.859130859
787.947998047
776.906005859
774.575927734
776.906982422
747.645263672
797.066894531
772.915283203
780.274169922
773.025146484
773.979248047
753.202148438
753.6640625
772.69921875
754.817138672
779.279052734
751.055908203
789.052978516
771.751953125
776.359130859
771.166992188
758.552978516
753.135009766
784.722900391
776.309082031
754.038085938
783.112060547
773.420166016
783.397949219
781.027099609
778.190185547
776.157958984
764.624023438
781.002929688
751.054931641
781.306884766
780.99609375
775.029052734
774.536865234
786.944091797
757.576904297
783.459716797
791.156982422
776.854003906
781.592041016
753.354980469
777.415039062
781.048095703
781.201904297
752.303955078
778.011962891
786.189941406
776.728027344
764.468017578
778.499023438
749.857910156
772.954833984
751.389892578
754.985839844
771.193115234
788.04296875
784.399902344
774.803955078
777.166015625
777.377685547
752.385986328
778.147216797
779.276123047
774.821044922
785.560791016
777.876220703
790.256103516
771.130126953
773.166992188
776.407958984
772.62109375
799.147949219
772.143798828
777.520996094
755.271728516
781.480224609
779.323974609
777.268066406
776.494140625
788.062255859
752.913085938
774.036132812
781.802246094
781.375976562
758.277099609
791.348876953
782.455078125
793.651123047
772.100097656
778.084228516
780.519042969
788.399902344
757.205078125
782.615966797
747.373046875
777.406005859
772.7578125
773.021972656
752.879882812
776.631835938
782.672851562
775.650146484
782.619140625
790.018066406
779.685791016
782.758789062
779.036865234
792.010986328
783.187255859
777.245849609
776.088867188
753.337890625
754.262939453
771.600097656
778.77734375
780.41796875
783.174804688
781.185791016
789.172119141
760.83203125
757.370117188
753.536865234
750.926757812
779.16015625
756.125
751.884033203
792.162841797
831.604003906
779.376953125
786.986083984
751.636962891
763.520019531
777.443847656
756.928710938
788.434082031
788.358886719
773.973876953
776.975097656
794.711914062
787.047851562
772.221191406
773.495117188
785.124267578
784.501953125
751.697998047
752.776855469
779.030029297
778.565185547
784.605224609
750.165039062
782.415283203
778.003173828
755.202148438
797.633056641
781.702880859
757.645996094
780.646972656
788.297851562
781.418701172
754.227050781
774.683105469
787.216064453
779.584960938
779.773925781
756.311035156
753.961669922
752.962890625
752.508300781
773.139892578
780.854003906
784.428710938
778.33984375
780.800048828
775.916992188
776.616943359
780.791015625
770.365234375
771.565917969
772.026123047
788.466064453
776.678710938
777.691894531
771.848876953
754.950927734
757.696044922
775.991943359
779.158935547
774.239990234
775.567871094
782.7421875
785.331054688
777.709960938
772.341796875
774.641113281
779.745117188
784.195800781
776.869140625
782.919189453
784.472900391
779.083984375
775.339111328
780.603759766
777.466064453
777.255126953
785.166015625
778.577880859
777.758056641
776.032714844
774.517089844
780.297851562
750.567382812
771.7421875
751.561035156
774.687988281
783.894042969
796.956054688
771.893066406
785.328857422
788.809082031
779.091796875
781.373779297
756.485107422
778.227294922
777.198974609
783.730957031
778.261230469
771.273925781
796.737792969
779.810791016
754.691894531
782.04296875
800.864013672
788.634277344
777.384765625
777.315185547
758.553955078
789.752929688
792.305908203
758.666992188
793.659179688
781.509765625
775.717041016
790.419921875
787.385986328
782.982910156
754.845947266
777.853027344
778.550048828
775.126953125
778.290039062
783.831054688
790.948730469
775.297119141
785.510009766
785.528808594
783.423095703
753.594970703
756.142089844
780.530029297
772.40625
754.331054688
755.943115234
754.029052734
758.08203125
784.161865234
776.690917969
785.311035156
757.625976562
778.198974609
777.9140625
784.619140625
753.512939453
754.971923828
777.652099609
780.102050781
781.100097656
783.062011719
783.536376953
777.597900391
756.532958984
777.29296875
775.491210938
777.409912109
773.421875
796.066162109
791.765869141
776.408935547
787.045898438
776.895019531
783.634033203
778.950927734
773.407958984
786.815917969
775.141113281
782.601074219
779.720947266
787.172851562
781.70703125
792.122070312
757.037841797
754.515869141
778.964111328
789.6640625
783.33203125
778.275878906
773.372802734
782.992919922
785.105957031
776.669189453
752.873046875
772.294189453
783.475830078
776.548095703
755.517089844
777.358154297
760.772949219
780.833007812
788.970214844
757.610839844
788.099121094
781.512939453
780.802001953
793.222900391
780.928955078
795.361083984
775.987060547
782.868896484
785.671142578
780.036865234
772.040039062
776.050048828
795.209960938
781.3671875
788.860107422
789.114990234
781.934082031
788.624023438
781.931884766
788.300048828
753.132324219
781.960205078
782.960205078
776.138916016
757.567871094
752.526855469
781.469238281
788.04296875
784.788085938
775.695068359
783.371826172
783.611816406
789.382080078
785.862060547
781.806152344
782.884765625
787.075927734
756.5390625
797.187744141
752.410888672
764.833984375
781.435791016
783.636962891
771.885742188
785.570800781
787.543945312
774.813720703
781.459228516
785.062011719
756.311035156
781.959228516
753.904052734
778.979980469
791.532958984
794.529052734
779.510253906
783.877929688
764.368896484
762.99609375
786.271972656
879.834960938
786.036865234
777.689208984
784.469238281
778.733154297
775.318847656
779.50390625
783.172119141
754.848876953
753.060058594
762.904052734
749.609863281
787.303955078
790.398925781
777.793945312
786.170898438
774.585205078
757.554199219
2664.22900391
788.651123047
756.360839844
780.860107422
774.900878906
777.586181641
777.725830078
781.656005859
754.057128906
777.084960938
785.715087891
775.671875
755.374023438
758.245117188
787.860107422
779.882080078
775.952148438
780.581054688
754.660888672
775.867919922
779.552734375
784.813964844
786.617919922
778.175048828
786.544189453
781.184814453
759.4140625
751.188232422
782.966796875
776.37109375
755.976806641
784.197021484
781.147949219
781.70703125
775.672851562
783.005859375
772.725097656
783.884033203
779.394775391
776.460693359
776.966064453
775.11328125
776.504150391
753.512939453
780.254150391
786.874023438
775.786132812
