42.158
38.326
51.34
26.52
30.201
42.93
22.428
26.326
26.327
34.321
19.967
23.46
21.788
30.859
17.986
21.08
19.215
17.036
28.044
17.547
17.812
17.651
15.015
25.825
14.598
16.246
16.304
16.21
23.745
15.635
15.131
13.785
15.105
13.772
13.817
12.203
20.841
13.144
12.241
13.097
13.096
12.471
11.52
12.354
12.264
11.636
12.31
12.378
11.707
10.897
11.66
11.747
10.791
11.634
11.632
11.397
10.298
10.951
11.011
10.299
10.96
10.188
11.108
10.66
9.774
10.475
10.469
9.746
10.382
10.473
9.699
10.161
9.294
9.918
10.035
9.294
9.926
9.251
10.013
9.293
9.545
9.454
8.84
9.484
8.815
9.566
8.828
9.445
9.49
8.564
9.103
8.462
9.183
8.465
9.14
8.405
9.095
8.437
9.068
8.013
8.766
8.102
8.767
8.121
8.682
8.181
8.684
8.829
7.991
8.476
7.708
8.411
7.689
7.854
8.372
7.687
8.352
7.783
8.476
7.783
8.416
7.749
8.472
7.735
8.312
7.782
8.434
7.78
8.385
7.693
8.436
7.783
8.471
7.785
8.488
7.678
8.465
7.757
8.409
7.782
8.462
7.739
8.545
7.816
8.428
7.738
8.402
7.739
8.427
7.712
8.419
7.741
8.505
7.801
8.396
7.775
8.417
7.769
8.51
7.801
8.478
7.772
8.442
7.771
8.475
7.773
8.479
7.768
8.469
7.738
8.484
7.771
8.509
7.795
8.476
7.737
8.48
7.782
7.849
8.384
7.707
8.464
7.777
8.468
7.748
8.322
7.762
8.347
7.771
8.428
7.77
8.382
7.736
8.441
7.747
8.544
7.763
8.358
7.713
8.482
7.716
8.473
7.711
8.455
7.688
8.314
7.729
8.398
7.677
8.378
7.698
8.319
7.629
8.328
7.669
8.282
7.688
8.302
7.621
8.287
7.656
8.346
7.575
7.673
8.329
7.598
8.17
7.593
8.257
7.592
8.259
7.625
8.222
7.548
8.227
7.544
8.277
7.566
8.238
7.594
8.26
7.576
8.314
7.575
8.311
7.579
8.334
7.474
8.322
7.576
7.533
8.132
7.592
8.276
7.584
8.223
7.569
8.265
7.575
8.285
7.549
8.236
7.476
8.219
7.547
8.237
7.546
8.263
7.534
8.187
7.576
8.263
7.519
7.548
8.157
7.559
8.175
7.576
8.2
7.503
8.157
7.594
8.2
7.543
8.201
7.591
8.263
7.561
8.281
7.482
8.282
7.549
8.272
7.575
8.284
7.546
8.314
7.53
7.541
8.208
7.578
8.311
7.577
8.225
7.582
8.305
7.547
8.287
7.585
8.284
7.582
8.258
7.593
8.232
7.548
8.2
7.548
8.235
7.545
8.263
7.517
8.225
7.485
7.484
8.164
7.62
8.257
7.592
8.198
7.55
8.232
7.548
8.233
7.537
8.186
7.597
8.185
7.502
12.762
7.548
8.247
7.559
8.26
7.524
8.196
7.585
8.218
7.514
8.208
7.577
8.298
7.525
8.338
7.607
8.389
7.717
8.399
7.694
8.386
7.707
8.418
7.68
8.417
7.643
7.654
8.347
7.77
8.4
7.771
8.463
7.805
8.431
7.677
8.364
7.773
8.377
7.683
8.425
7.717
8.432
7.72
8.439
7.75
8.436
7.754
8.441
7.759
8.431
7.763
8.492
7.808
8.441
7.765
8.45
7.764
8.446
7.767
8.505
7.768
8.428
7.772
8.43
7.761
8.442
7.792
8.491
7.778
8.46
7.85
8.367
7.824
8.433
7.774
8.541
7.837
8.433
7.762
8.51
7.806
8.535
7.794
8.525
7.718
8.54
7.803
8.486
7.781
8.522
7.77
7.714
8.52
7.886
8.527
7.916
8.434
7.717
8.51
7.768
8.406
7.822
8.452
7.788
8.452
7.817
8.49
7.817
8.479
7.789
8.481
7.82
8.449
7.823
8.542
7.816
8.537
7.806
8.529
7.772
8.507
7.798
8.504
7.826
8.56
7.801
8.584
7.72
8.529
7.793
8.532
7.813
8.401
7.793
8.461
7.789
8.488
7.785
8.521
7.783
8.493
7.787
8.512
7.787
8.553
7.779
8.484
7.776
8.512
7.772
8.475
7.771
8.469
7.768
8.438
7.739
8.315
7.776
8.451
7.766
8.474
7.755
8.45
7.754
8.486
7.747
8.479
7.745
8.36
7.708
8.389
7.713
8.441
7.669
7.613
8.288
7.668
8.386
7.714
8.373
7.648
8.291
7.648
8.235
7.558
8.238
7.495
8.193
7.605
8.255
7.621
8.322
7.584
8.275
7.571
8.19
7.58
8.343
7.607
8.286
7.608
8.317
7.545
7.685
8.286
7.597
8.164
7.59
8.227
7.578
8.315
7.578
8.282
7.552
8.224
7.609
8.315
7.554
8.182
7.579
8.232
7.548
8.204
7.55
8.289
7.578
8.299
7.505
7.556
8.163
7.599
8.267
7.589
8.25
7.592
8.233
7.579
8.23
7.58
8.2
7.549
8.199
7.546
8.203
7.592
8.199
7.547
8.231
7.549
8.206
7.498
8.318
7.576
7.474
8.319
7.609
8.231
7.533
8.176
7.539
8.179
7.608
8.231
7.624
8.223
7.547
8.193
7.548
8.256
7.544
8.247
7.591
8.225
7.543
8.259
7.457
7.475
8.163
7.534
8.234
7.538
8.156
7.487
8.251
7.576
8.262
7.591
8.2
7.589
8.343
7.594
8.197
7.545
8.166
7.577
8.199
7.545
8.258
7.518
8.282
7.536
7.574
8.172
7.586
8.135
7.545
8.255
7.544
8.226
7.545
8.227
7.544
8.223
7.544
8.137
7.477
8.323
7.565
8.287
7.573
8.277
7.545
8.276
7.558
7.488
8.265
7.556
8.222
7.541
8.221
7.573
8.28
7.572
8.283
7.576
8.281
7.573
8.278
7.578
8.234
7.605
8.277
7.574
8.339
7.576
8.28
7.588
8.201
7.492
7.582
8.209
7.619
8.262
7.589
8.24
7.593
8.221
7.544
8.193
7.545
8.222
7.545
8.239
7.59
8.226
7.544
8.251
7.534
8.288
7.589
8.26
7.543
8.224
7.48
7.65
8.198
7.579
8.16
7.56
8.139
7.474
8.213
7.545
8.208
7.547
8.276
7.566
8.21
7.59
8.166
7.577
8.195
7.545
8.256
7.544
8.259
7.52
7.684
8.19
7.567
8.325
7.617
8.253
7.621
8.229
7.588
8.206
7.565
8.296
7.484
8.196
7.544
8.23
7.594
8.225
7.542
8.232
7.511
8.231
7.544
8.28
7.554
7.682
8.268
7.58
8.266
7.575
8.277
7.587
8.227
7.548
8.226
7.515
8.231
7.546
8.225
7.544
8.258
7.545
8.197
7.549
8.223
7.533
8.213
7.604
8.208
7.606
7.469
8.189
7.585
8.231
7.486
8.222
7.533
8.183
7.591
8.258
7.55
8.196
7.589
8.291
7.574
8.275
7.596
8.24
7.572
8.305
7.574
8.22
7.469
7.5
8.14
7.575
8.249
7.529
8.249
7.546
8.28
7.592
8.224
7.504
8.181
7.589
8.31
7.561
8.226
7.518
8.271
7.567
8.232
7.516
8.226
7.489
8.249
7.486
7.564
8.191
7.595
8.169
7.593
8.195
7.507
8.205
7.532
8.23
7.545
8.194
7.536
8.208
7.567
8.265
7.562
8.206
7.595
8.225
7.569
8.249
7.577
7.499
8.306
7.581
8.17
7.482
8.201
7.593
8.262
7.526
8.234
7.519
8.228
7.548
8.228
7.504
8.254
7.584
8.267
7.55
8.316
7.585
8.238
7.498
7.563
8.337
7.594
8.191
7.603
8.16
7.563
8.239
7.562
8.294
7.591
8.305
7.569
8.279
7.599
8.315
7.731
8.348
7.695
8.381
7.7
8.506
7.751
8.315
7.665
8.389
7.712
8.476
7.757
8.434
7.697
8.403
7.633
8.427
7.727
7.668
8.455
7.749
8.352
7.772
8.427
7.677
8.429
7.735
8.432
7.785
8.463
7.743
8.382
7.768
8.5
7.77
8.476
7.789
8.373
7.791
8.402
7.792
8.398
7.752
8.427
7.779
8.429
7.755
8.457
7.766
8.402
7.766
8.418
7.753
8.41
7.754
8.438
7.786
8.435
7.787
8.486
7.831
8.433
7.756
8.443
7.761
8.442
7.748
8.395
7.803
8.473
7.757
8.441
7.759
8.504
7.76
8.519
7.738
7.706
8.365
7.7
8.52
7.759
8.491
7.796
8.417
7.805
8.457
7.791
8.411
7.804
8.463
7.765
8.548
7.825
8.446
7.809
8.398
7.673
8.333
7.803
8.36
7.697
8.414
7.762
